# Created by Octave 3.8.1, Mon Aug 17 16:45:50 2015 PDT <ataicher@ataicher-Inspiron-7548>
# name: basis
# type: matrix
# ndims: 3
 12 2 64
 0.9034607263336406
 0
 0.01830165828417296
 0
 -0.0007649657185654628
 0
 -0.03776250616115793
 0
 0
 0.001159189592812014
 0
 -0.05722335403814286
 0
 0.9034607263336406
 0
 -0.03776250616115793
 0
 -0.0007649657185654628
 0
 0.01830165828417296
 -0.05722335403814286
 0
 0.001159189592812014
 0
 0.8280497882918355
 0
 0.09371259632597799
 0
 -0.003916963286825809
 0
 -0.03461050859289758
 0
 0
 0.00593556412701736
 0
 -0.05244697950393751
 0
 0.6119450036630266
 0
 -0.1689036036797511
 0
 -0.003421527851085164
 0
 0.01239634221976325
 -0.2685517641327464
 0
 0.005440128691276718
 0
 0.7030891959881177
 0
 0.218673188629696
 0
 -0.009140018367394382
 0
 -0.02938745351232901
 0
 0
 0.01385031238976697
 0
 -0.04453223124118792
 0
 0.2155382219207006
 0
 -0.299559704289142
 0
 -0.006068265264674223
 0
 0.004366218441812102
 -0.5320832053086049
 0
 0.01077855928704682
 0
 0.5454227690530599
 0
 0.3763396155647536
 0
 -0.01573009942460257
 0
 -0.02279737245512083
 0
 0
 0.023836581306012
 0
 -0.03454596232494288
 0
 -0.1304048303405322
 0
 -0.3101973648477693
 0
 -0.006283755349425431
 0
 -0.0026416473610128
 -0.7103735617185348
 0
 0.01439023723083488
 0
 0.3763396155647536
 0
 0.54542276905306
 0
 -0.02279737245512083
 0
 -0.01573009942460256
 0
 0
 0.03454596232494288
 0
 -0.02383658130601199
 0
 -0.3101973648477693
 0
 -0.1304048303405321
 0
 -0.002641647361012799
 0
 -0.006283755349425431
 -0.7103735617185348
 0
 0.01439023723083488
 0
 0.2186731886296959
 0
 0.7030891959881177
 0
 -0.02938745351232901
 0
 -0.00914001836739438
 0
 0
 0.04453223124118792
 0
 -0.01385031238976697
 0
 -0.2995597042891419
 0
 0.2155382219207007
 0
 0.004366218441812106
 0
 -0.006068265264674223
 -0.5320832053086048
 0
 0.01077855928704682
 0
 0.09371259632597805
 0
 0.8280497882918355
 0
 -0.03461050859289758
 0
 -0.003916963286825811
 0
 0
 0.05244697950393751
 0
 -0.005935564127017363
 0
 -0.1689036036797512
 0
 0.6119450036630264
 0
 0.01239634221976325
 0
 -0.003421527851085166
 -0.2685517641327466
 0
 0.005440128691276721
 0
 0.01830165828417301
 0
 0.9034607263336406
 0
 -0.03776250616115793
 0
 -0.000764965718565465
 0
 0
 0.05722335403814286
 0
 -0.001159189592812017
 0
 -0.03776250616115803
 0
 0.9034607263336404
 0
 0.01830165828417295
 0
 -0.0007649657185654649
 -0.05722335403814302
 0
 0.001159189592812017
 0
 0.6119450036630266
 0
 0.01239634221976325
 0
 -0.003421527851085164
 0
 -0.1689036036797511
 0
 0
 0.005440128691276718
 0
 -0.2685517641327464
 0
 0.8280497882918355
 0
 -0.03461050859289758
 0
 -0.003916963286825809
 0
 0.09371259632597799
 -0.05244697950393751
 0
 0.00593556412701736
 0
 0.5608665833054572
 0
 0.06347476257733264
 0
 -0.01751973801216257
 0
 -0.1548053935186737
 0
 0
 0.02785586836400842
 0
 -0.2461360244600147
 0
 0.5608665833054572
 0
 -0.1548053935186737
 0
 -0.01751973801216257
 0
 0.06347476257733264
 -0.2461360244600147
 0
 0.02785586836400842
 0
 0.4762264789974884
 0
 0.1481148668853015
 0
 -0.04088134493414377
 0
 -0.1314437865966925
 0
 0
 0.0650001365453389
 0
 -0.2089917562786843
 0
 0.1975474681168652
 0
 -0.2745557637286669
 0
 -0.03107220582514923
 0
 0.02235697224564743
 -0.4876707671593074
 0
 0.05519099743634436
 0
 0.3694335887300261
 0
 0.2549077571527638
 0
 -0.07035736631773075
 0
 -0.1019677652131055
 0
 0
 0.111866143958571
 0
 -0.1621257488654521
 0
 -0.1195200732121627
 0
 -0.2843055096963062
 0
 -0.03217561050088859
 0
 -0.01352640448938229
 -0.6510794108076409
 0
 0.0736843881417289
 0
 0.2549077571527637
 0
 0.3694335887300261
 0
 -0.1019677652131055
 0
 -0.07035736631773075
 0
 0
 0.1621257488654521
 0
 -0.111866143958571
 0
 -0.2843055096963062
 0
 -0.1195200732121626
 0
 -0.01352640448938228
 0
 -0.0321756105008886
 -0.6510794108076409
 0
 0.0736843881417289
 0
 0.1481148668853015
 0
 0.4762264789974884
 0
 -0.1314437865966925
 0
 -0.04088134493414376
 0
 0
 0.2089917562786843
 0
 -0.06500013654533887
 0
 -0.2745557637286669
 0
 0.1975474681168654
 0
 0.02235697224564745
 0
 -0.03107220582514923
 -0.4876707671593073
 0
 0.05519099743634434
 0
 0.06347476257733269
 0
 0.5608665833054572
 0
 -0.1548053935186737
 0
 -0.01751973801216258
 0
 0
 0.2461360244600147
 0
 -0.02785586836400843
 0
 -0.1548053935186738
 0
 0.560866583305457
 0
 0.06347476257733263
 0
 -0.01751973801216258
 -0.2461360244600149
 0
 0.02785586836400843
 0
 0.01239634221976329
 0
 0.6119450036630266
 0
 -0.1689036036797511
 0
 -0.003421527851085174
 0
 0
 0.2685517641327464
 0
 -0.005440128691276733
 0
 -0.03461050859289767
 0
 0.8280497882918353
 0
 0.09371259632597798
 0
 -0.00391696328682582
 -0.05244697950393767
 0
 0.005935564127017377
 0
 0.2155382219207006
 0
 0.004366218441812102
 0
 -0.006068265264674223
 0
 -0.299559704289142
 0
 0
 0.01077855928704682
 0
 -0.5320832053086049
 0
 0.7030891959881177
 0
 -0.02938745351232901
 0
 -0.009140018367394382
 0
 0.218673188629696
 -0.04453223124118792
 0
 0.01385031238976697
 0
 0.1975474681168652
 0
 0.02235697224564743
 0
 -0.03107220582514923
 0
 -0.2745557637286669
 0
 0
 0.05519099743634436
 0
 -0.4876707671593074
 0
 0.4762264789974884
 0
 -0.1314437865966925
 0
 -0.04088134493414377
 0
 0.1481148668853015
 -0.2089917562786843
 0
 0.0650001365453389
 0
 0.1677356754287628
 0
 0.05216876493374988
 0
 -0.0725052830881824
 0
 -0.2331226864656338
 0
 0
 0.1287851565981341
 0
 -0.4140766079975178
 0
 0.1677356754287628
 0
 -0.2331226864656338
 0
 -0.0725052830881824
 0
 0.05216876493374988
 -0.4140766079975178
 0
 0.1287851565981341
 0
 0.130121266381808
 0
 0.08978317398070461
 0
 -0.1247826061110203
 0
 -0.1808453634427959
 0
 0
 0.2216410554412454
 0
 -0.3212207091544063
 0
 -0.1014833568794585
 0
 -0.241401102993723
 0
 -0.07508001720347182
 0
 -0.03156312082208646
 -0.552825332415673
 0
 0.1719384665336969
 0
 0.08978317398070459
 0
 0.1301212663818081
 0
 -0.1808453634427959
 0
 -0.1247826061110203
 0
 0
 0.3212207091544064
 0
 -0.2216410554412453
 0
 -0.2414011029937229
 0
 -0.1014833568794585
 0
 -0.03156312082208645
 0
 -0.07508001720347182
 -0.552825332415673
 0
 0.1719384665336969
 0
 0.05216876493374987
 0
 0.1677356754287628
 0
 -0.2331226864656338
 0
 -0.07250528308818237
 0
 0
 0.4140766079975178
 0
 -0.128785156598134
 0
 -0.2331226864656338
 0
 0.1677356754287629
 0
 0.05216876493374992
 0
 -0.07250528308818238
 -0.4140766079975177
 0
 0.128785156598134
 0
 0.02235697224564744
 0
 0.1975474681168652
 0
 -0.2745557637286669
 0
 -0.03107220582514924
 0
 0
 0.4876707671593074
 0
 -0.05519099743634438
 0
 -0.1314437865966926
 0
 0.4762264789974882
 0
 0.1481148668853015
 0
 -0.04088134493414378
 -0.2089917562786844
 0
 0.06500013654533893
 0
 0.004366218441812115
 0
 0.2155382219207006
 0
 -0.299559704289142
 0
 -0.00606826526467424
 0
 0
 0.5320832053086049
 0
 -0.01077855928704685
 0
 -0.02938745351232909
 0
 0.7030891959881175
 0
 0.2186731886296959
 0
 -0.009140018367394406
 -0.04453223124118804
 0
 0.01385031238976701
 0
 -0.1304048303405322
 0
 -0.0026416473610128
 0
 -0.006283755349425431
 0
 -0.3101973648477693
 0
 0
 0.01439023723083488
 0
 -0.7103735617185348
 0
 0.5454227690530599
 0
 -0.02279737245512083
 0
 -0.01573009942460257
 0
 0.3763396155647536
 -0.03454596232494288
 0
 0.023836581306012
 0
 -0.1195200732121627
 0
 -0.01352640448938229
 0
 -0.03217561050088859
 0
 -0.2843055096963062
 0
 0
 0.0736843881417289
 0
 -0.6510794108076409
 0
 0.3694335887300261
 0
 -0.1019677652131055
 0
 -0.07035736631773075
 0
 0.2549077571527638
 -0.1621257488654521
 0
 0.111866143958571
 0
 -0.1014833568794585
 0
 -0.03156312082208646
 0
 -0.07508001720347182
 0
 -0.241401102993723
 0
 0
 0.1719384665336969
 0
 -0.552825332415673
 0
 0.130121266381808
 0
 -0.1808453634427959
 0
 -0.1247826061110203
 0
 0.08978317398070461
 -0.3212207091544063
 0
 0.2216410554412454
 0
 -0.07872590538701664
 0
 -0.05432057231452831
 0
 -0.1292137595285998
 0
 -0.187267360668595
 0
 0
 0.2959085052976516
 0
 -0.4288552936517182
 0
 -0.07872590538701664
 0
 -0.187267360668595
 0
 -0.1292137595285998
 0
 -0.05432057231452831
 -0.4288552936517182
 0
 0.2959085052976516
 0
 -0.0543205723145283
 0
 -0.07872590538701665
 0
 -0.187267360668595
 0
 -0.1292137595285998
 0
 0
 0.4288552936517183
 0
 -0.2959085052976516
 0
 -0.187267360668595
 0
 -0.0787259053870166
 0
 -0.05432057231452828
 0
 -0.1292137595285998
 -0.4288552936517182
 0
 0.2959085052976516
 0
 -0.03156312082208645
 0
 -0.1014833568794585
 0
 -0.241401102993723
 0
 -0.07508001720347182
 0
 0
 0.552825332415673
 0
 -0.1719384665336969
 0
 -0.1808453634427959
 0
 0.1301212663818081
 0
 0.08978317398070468
 0
 -0.1247826061110203
 -0.3212207091544063
 0
 0.2216410554412453
 0
 -0.0135264044893823
 0
 -0.1195200732121627
 0
 -0.2843055096963062
 0
 -0.03217561050088862
 0
 0
 0.6510794108076409
 0
 -0.07368438814172894
 0
 -0.1019677652131056
 0
 0.369433588730026
 0
 0.2549077571527637
 0
 -0.07035736631773079
 -0.1621257488654522
 0
 0.1118661439585711
 0
 -0.002641647361012808
 0
 -0.1304048303405322
 0
 -0.3101973648477693
 0
 -0.006283755349425448
 0
 0
 0.7103735617185348
 0
 -0.01439023723083492
 0
 -0.02279737245512089
 0
 0.5454227690530598
 0
 0.3763396155647536
 0
 -0.01573009942460261
 -0.03454596232494297
 0
 0.02383658130601207
 0
 -0.3101973648477693
 0
 -0.006283755349425431
 0
 -0.002641647361012799
 0
 -0.1304048303405321
 0
 0
 0.01439023723083488
 0
 -0.7103735617185348
 0
 0.3763396155647536
 0
 -0.01573009942460256
 0
 -0.02279737245512083
 0
 0.54542276905306
 -0.02383658130601199
 0
 0.03454596232494288
 0
 -0.2843055096963062
 0
 -0.0321756105008886
 0
 -0.01352640448938228
 0
 -0.1195200732121626
 0
 0
 0.0736843881417289
 0
 -0.6510794108076409
 0
 0.2549077571527637
 0
 -0.07035736631773075
 0
 -0.1019677652131055
 0
 0.3694335887300261
 -0.111866143958571
 0
 0.1621257488654521
 0
 -0.2414011029937229
 0
 -0.07508001720347182
 0
 -0.03156312082208645
 0
 -0.1014833568794585
 0
 0
 0.1719384665336969
 0
 -0.552825332415673
 0
 0.08978317398070459
 0
 -0.1247826061110203
 0
 -0.1808453634427959
 0
 0.1301212663818081
 -0.2216410554412453
 0
 0.3212207091544064
 0
 -0.187267360668595
 0
 -0.1292137595285998
 0
 -0.05432057231452828
 0
 -0.0787259053870166
 0
 0
 0.2959085052976516
 0
 -0.4288552936517182
 0
 -0.0543205723145283
 0
 -0.1292137595285998
 0
 -0.187267360668595
 0
 -0.07872590538701665
 -0.2959085052976516
 0
 0.4288552936517183
 0
 -0.1292137595285998
 0
 -0.187267360668595
 0
 -0.07872590538701663
 0
 -0.05432057231452828
 0
 0
 0.4288552936517183
 0
 -0.2959085052976516
 0
 -0.1292137595285998
 0
 -0.05432057231452828
 0
 -0.07872590538701663
 0
 -0.187267360668595
 -0.2959085052976516
 0
 0.4288552936517183
 0
 -0.07508001720347182
 0
 -0.2414011029937229
 0
 -0.1014833568794585
 0
 -0.03156312082208644
 0
 0
 0.552825332415673
 0
 -0.1719384665336969
 0
 -0.1247826061110203
 0
 0.08978317398070466
 0
 0.1301212663818082
 0
 -0.1808453634427959
 -0.2216410554412453
 0
 0.3212207091544064
 0
 -0.03217561050088862
 0
 -0.2843055096963062
 0
 -0.1195200732121626
 0
 -0.01352640448938229
 0
 0
 0.6510794108076409
 0
 -0.07368438814172894
 0
 -0.07035736631773078
 0
 0.2549077571527636
 0
 0.369433588730026
 0
 -0.1019677652131056
 -0.1118661439585711
 0
 0.1621257488654523
 0
 -0.006283755349425448
 0
 -0.3101973648477693
 0
 -0.1304048303405321
 0
 -0.002641647361012806
 0
 0
 0.7103735617185348
 0
 -0.01439023723083492
 0
 -0.0157300994246026
 0
 0.3763396155647535
 0
 0.5454227690530599
 0
 -0.02279737245512089
 -0.02383658130601206
 0
 0.03454596232494299
 0
 -0.2995597042891419
 0
 -0.006068265264674223
 0
 0.004366218441812106
 0
 0.2155382219207007
 0
 0
 0.01077855928704682
 0
 -0.5320832053086048
 0
 0.2186731886296959
 0
 -0.00914001836739438
 0
 -0.02938745351232901
 0
 0.7030891959881177
 -0.01385031238976697
 0
 0.04453223124118792
 0
 -0.2745557637286669
 0
 -0.03107220582514923
 0
 0.02235697224564745
 0
 0.1975474681168654
 0
 0
 0.05519099743634434
 0
 -0.4876707671593073
 0
 0.1481148668853015
 0
 -0.04088134493414376
 0
 -0.1314437865966925
 0
 0.4762264789974884
 -0.06500013654533887
 0
 0.2089917562786843
 0
 -0.2331226864656338
 0
 -0.07250528308818238
 0
 0.05216876493374992
 0
 0.1677356754287629
 0
 0
 0.128785156598134
 0
 -0.4140766079975177
 0
 0.05216876493374987
 0
 -0.07250528308818237
 0
 -0.2331226864656338
 0
 0.1677356754287628
 -0.128785156598134
 0
 0.4140766079975178
 0
 -0.1808453634427959
 0
 -0.1247826061110203
 0
 0.08978317398070468
 0
 0.1301212663818081
 0
 0
 0.2216410554412453
 0
 -0.3212207091544063
 0
 -0.03156312082208645
 0
 -0.07508001720347182
 0
 -0.241401102993723
 0
 -0.1014833568794585
 -0.1719384665336969
 0
 0.552825332415673
 0
 -0.1247826061110203
 0
 -0.1808453634427959
 0
 0.1301212663818082
 0
 0.08978317398070466
 0
 0
 0.3212207091544064
 0
 -0.2216410554412453
 0
 -0.07508001720347182
 0
 -0.03156312082208644
 0
 -0.1014833568794585
 0
 -0.2414011029937229
 -0.1719384665336969
 0
 0.552825332415673
 0
 -0.07250528308818237
 0
 -0.2331226864656338
 0
 0.1677356754287629
 0
 0.05216876493374991
 0
 0
 0.4140766079975177
 0
 -0.128785156598134
 0
 -0.07250528308818237
 0
 0.05216876493374991
 0
 0.1677356754287629
 0
 -0.2331226864656338
 -0.128785156598134
 0
 0.4140766079975177
 0
 -0.03107220582514924
 0
 -0.2745557637286669
 0
 0.1975474681168654
 0
 0.02235697224564746
 0
 0
 0.4876707671593073
 0
 -0.05519099743634438
 0
 -0.04088134493414378
 0
 0.1481148668853015
 0
 0.4762264789974882
 0
 -0.1314437865966926
 -0.06500013654533891
 0
 0.2089917562786844
 0
 -0.00606826526467424
 0
 -0.2995597042891419
 0
 0.2155382219207007
 0
 0.004366218441812118
 0
 0
 0.5320832053086048
 0
 -0.01077855928704685
 0
 -0.009140018367394405
 0
 0.2186731886296959
 0
 0.7030891959881175
 0
 -0.02938745351232909
 -0.01385031238976701
 0
 0.04453223124118804
 0
 -0.1689036036797512
 0
 -0.003421527851085166
 0
 0.01239634221976325
 0
 0.6119450036630264
 0
 0
 0.005440128691276721
 0
 -0.2685517641327466
 0
 0.09371259632597805
 0
 -0.003916963286825811
 0
 -0.03461050859289758
 0
 0.8280497882918355
 -0.005935564127017363
 0
 0.05244697950393751
 0
 -0.1548053935186738
 0
 -0.01751973801216258
 0
 0.06347476257733263
 0
 0.560866583305457
 0
 0
 0.02785586836400843
 0
 -0.2461360244600149
 0
 0.06347476257733269
 0
 -0.01751973801216258
 0
 -0.1548053935186737
 0
 0.5608665833054572
 -0.02785586836400843
 0
 0.2461360244600147
 0
 -0.1314437865966926
 0
 -0.04088134493414378
 0
 0.1481148668853015
 0
 0.4762264789974882
 0
 0
 0.06500013654533893
 0
 -0.2089917562786844
 0
 0.02235697224564744
 0
 -0.03107220582514924
 0
 -0.2745557637286669
 0
 0.1975474681168652
 -0.05519099743634438
 0
 0.4876707671593074
 0
 -0.1019677652131056
 0
 -0.07035736631773079
 0
 0.2549077571527637
 0
 0.369433588730026
 0
 0
 0.1118661439585711
 0
 -0.1621257488654522
 0
 -0.0135264044893823
 0
 -0.03217561050088862
 0
 -0.2843055096963062
 0
 -0.1195200732121627
 -0.07368438814172894
 0
 0.6510794108076409
 0
 -0.07035736631773078
 0
 -0.1019677652131056
 0
 0.369433588730026
 0
 0.2549077571527636
 0
 0
 0.1621257488654523
 0
 -0.1118661439585711
 0
 -0.03217561050088862
 0
 -0.01352640448938229
 0
 -0.1195200732121626
 0
 -0.2843055096963062
 -0.07368438814172894
 0
 0.6510794108076409
 0
 -0.04088134493414378
 0
 -0.1314437865966926
 0
 0.4762264789974882
 0
 0.1481148668853015
 0
 0
 0.2089917562786844
 0
 -0.06500013654533891
 0
 -0.03107220582514924
 0
 0.02235697224564746
 0
 0.1975474681168654
 0
 -0.2745557637286669
 -0.05519099743634438
 0
 0.4876707671593073
 0
 -0.01751973801216259
 0
 -0.1548053935186738
 0
 0.560866583305457
 0
 0.06347476257733266
 0
 0
 0.2461360244600149
 0
 -0.02785586836400845
 0
 -0.01751973801216259
 0
 0.06347476257733266
 0
 0.560866583305457
 0
 -0.1548053935186738
 -0.02785586836400845
 0
 0.2461360244600149
 0
 -0.003421527851085175
 0
 -0.1689036036797512
 0
 0.6119450036630264
 0
 0.01239634221976328
 0
 0
 0.2685517641327466
 0
 -0.005440128691276736
 0
 -0.003916963286825822
 0
 0.09371259632597802
 0
 0.8280497882918353
 0
 -0.03461050859289767
 -0.00593556412701738
 0
 0.05244697950393767
 0
 -0.03776250616115803
 0
 -0.0007649657185654649
 0
 0.01830165828417295
 0
 0.9034607263336404
 0
 0
 0.001159189592812017
 0
 -0.05722335403814302
 0
 0.01830165828417301
 0
 -0.000764965718565465
 0
 -0.03776250616115793
 0
 0.9034607263336406
 -0.001159189592812017
 0
 0.05722335403814286
 0
 -0.03461050859289767
 0
 -0.00391696328682582
 0
 0.09371259632597798
 0
 0.8280497882918353
 0
 0
 0.005935564127017377
 0
 -0.05244697950393767
 0
 0.01239634221976329
 0
 -0.003421527851085174
 0
 -0.1689036036797511
 0
 0.6119450036630266
 -0.005440128691276733
 0
 0.2685517641327464
 0
 -0.02938745351232909
 0
 -0.009140018367394406
 0
 0.2186731886296959
 0
 0.7030891959881175
 0
 0
 0.01385031238976701
 0
 -0.04453223124118804
 0
 0.004366218441812115
 0
 -0.00606826526467424
 0
 -0.299559704289142
 0
 0.2155382219207006
 -0.01077855928704685
 0
 0.5320832053086049
 0
 -0.02279737245512089
 0
 -0.01573009942460261
 0
 0.3763396155647536
 0
 0.5454227690530598
 0
 0
 0.02383658130601207
 0
 -0.03454596232494297
 0
 -0.002641647361012808
 0
 -0.006283755349425448
 0
 -0.3101973648477693
 0
 -0.1304048303405322
 -0.01439023723083492
 0
 0.7103735617185348
 0
 -0.0157300994246026
 0
 -0.02279737245512089
 0
 0.5454227690530599
 0
 0.3763396155647535
 0
 0
 0.03454596232494299
 0
 -0.02383658130601206
 0
 -0.006283755349425448
 0
 -0.002641647361012806
 0
 -0.1304048303405321
 0
 -0.3101973648477693
 -0.01439023723083492
 0
 0.7103735617185348
 0
 -0.009140018367394405
 0
 -0.02938745351232909
 0
 0.7030891959881175
 0
 0.2186731886296959
 0
 0
 0.04453223124118804
 0
 -0.01385031238976701
 0
 -0.00606826526467424
 0
 0.004366218441812118
 0
 0.2155382219207007
 0
 -0.2995597042891419
 -0.01077855928704685
 0
 0.5320832053086048
 0
 -0.003916963286825822
 0
 -0.03461050859289767
 0
 0.8280497882918353
 0
 0.09371259632597802
 0
 0
 0.05244697950393767
 0
 -0.00593556412701738
 0
 -0.003421527851085175
 0
 0.01239634221976328
 0
 0.6119450036630264
 0
 -0.1689036036797512
 -0.005440128691276736
 0
 0.2685517641327466
 0
 -0.000764965718565467
 0
 -0.03776250616115803
 0
 0.9034607263336404
 0
 0.01830165828417301
 0
 0
 0.05722335403814302
 0
 -0.001159189592812021
 0
 -0.000764965718565467
 0
 0.01830165828417301
 0
 0.9034607263336404
 0
 -0.03776250616115803
 -0.001159189592812021
 0
 0.05722335403814302
 0


# name: basisDer
# type: matrix
# ndims: 4
 12 2 2 64
 -0.4608811923089068
 0
 0.4608811923089068
 0
 -0.0192637359398617
 0
 0.0192637359398617
 0
 0
 0.02919127181547744
 0
 0.02919127181547744
 -1.901907312866582
 0
 -0.03852747187972339
 0
 -0.01867240012849187
 0
 -0.9217623846178136
 0
 0
 0.02859993600410763
 0
 -1.411834848742198
 0
 -1.901907312866582
 0
 -0.9217623846178136
 0
 -0.01867240012849187
 0
 -0.03852747187972339
 -1.411834848742198
 0
 0.02859993600410763
 0
 0
 -0.950953656433291
 0
 0.0192637359398617
 0
 -0.0192637359398617
 0
 0.9217623846178136
 0.02919127181547744
 0
 0.02919127181547744
 0
 -0.4608811923089068
 0
 0.4608811923089068
 0
 -0.0192637359398617
 0
 0.0192637359398617
 0
 0
 0.02919127181547744
 0
 0.02919127181547744
 -1.743157064680506
 0
 -0.1972777200657992
 0
 -0.09561095877261226
 0
 -0.8448238259736932
 0
 0
 0.1464443394192057
 0
 -1.2939904453271
 0
 -1.661345375138551
 0
 -0.6812004468897824
 0
 -0.01379926923065686
 0
 -0.03365434098188839
 -1.171272911014166
 0
 0.02372680510627262
 0
 0
 -0.7613372922948015
 0
 0.08616256576541814
 0
 -0.08616256576541814
 0
 0.6243413458827899
 0.1369959464120116
 0
 0.1369959464120116
 0
 -0.4608811923089068
 0
 0.4608811923089068
 0
 -0.0192637359398617
 0
 0.0192637359398617
 0
 0
 0.02919127181547744
 0
 0.02919127181547744
 -1.480098076729752
 0
 -0.4603367080165534
 0
 -0.2231029129747178
 0
 -0.7173318717715877
 0
 0
 0.3417198104956355
 0
 -1.09871497425067
 0
 -1.262719353439148
 0
 -0.2825744251903795
 0
 -0.005724189684113728
 0
 -0.02557926143534525
 -0.7726468893147638
 0
 0.01565172555972949
 0
 0
 -0.4913353226603386
 0
 0.1528139847769081
 0
 -0.1528139847769081
 0
 0.2199044403625127
 0.2714308822978259
 0
 0.2714308822978259
 0
 -0.4608811923089068
 0
 0.4608811923089068
 0
 -0.0192637359398617
 0
 0.0192637359398617
 0
 0
 0.02919127181547744
 0
 0.02919127181547744
 -1.148188872886184
 0
 -0.7922459118601219
 0
 -0.3839632331079468
 0
 -0.5564715516383586
 0
 0
 0.5881045724840342
 0
 -0.852330212262271
 0
 -0.75976126588524
 0
 0.2203836623635285
 0
 0.004464373892996818
 0
 -0.01539069785823471
 -0.2696888017608557
 0
 0.005463161982618944
 0
 0
 -0.22933542177314
 0
 0.1582405600985974
 0
 -0.1582405600985974
 0
 -0.133046477701545
 0.3623818994746849
 0
 0.3623818994746849
 0
 -0.4608811923089068
 0
 0.4608811923089068
 0
 -0.0192637359398617
 0
 0.0192637359398617
 0
 0
 0.02919127181547744
 0
 0.02919127181547744
 -0.7922459118601218
 0
 -1.148188872886184
 0
 -0.5564715516383587
 0
 -0.3839632331079467
 0
 0
 0.8523302122622712
 0
 -0.5881045724840341
 0
 -0.2203836623635283
 0
 0.7597612658852401
 0
 0.01539069785823471
 0
 -0.004464373892996814
 0.2696888017608559
 0
 -0.005463161982618947
 0
 0
 -0.04590077927749014
 0
 0.06652323885077245
 0
 -0.06652323885077245
 0
 -0.3164811201971948
 0.3623818994746849
 0
 0.3623818994746849
 0
 -0.4608811923089068
 0
 0.4608811923089068
 0
 -0.0192637359398617
 0
 0.0192637359398617
 0
 0
 0.02919127181547744
 0
 0.02919127181547744
 -0.4603367080165532
 0
 -1.480098076729752
 0
 -0.7173318717715877
 0
 -0.2231029129747177
 0
 0
 1.09871497425067
 0
 -0.3417198104956355
 0
 0.2825744251903797
 0
 1.262719353439148
 0
 0.02557926143534526
 0
 0.005724189684113732
 0.7726468893147639
 0
 -0.01565172555972949
 0
 0
 0.03419708725599033
 0
 -0.1099522201812564
 0
 0.1099522201812564
 0
 -0.3056279695538162
 0.2714308822978259
 0
 0.2714308822978259
 0
 -0.4608811923089068
 0
 0.4608811923089068
 0
 -0.0192637359398617
 0
 0.0192637359398617
 0
 0
 0.02919127181547744
 0
 0.02919127181547744
 -0.1972777200657993
 0
 -1.743157064680506
 0
 -0.8448238259736932
 0
 -0.0956109587726123
 0
 0
 1.2939904453271
 0
 -0.1464443394192058
 0
 0.6812004468897822
 0
 1.661345375138551
 0
 0.03365434098188838
 0
 0.01379926923065686
 1.171272911014166
 0
 -0.02372680510627262
 0
 0
 0.03532918511882469
 0
 -0.3121706729413948
 0
 0.3121706729413948
 0
 -0.1723251315308364
 0.1369959464120117
 0
 0.1369959464120117
 0
 -0.4608811923089068
 0
 0.4608811923089068
 0
 -0.0192637359398617
 0
 0.0192637359398617
 0
 0
 0.02919127181547744
 0
 0.02919127181547744
 -0.0385274718797235
 0
 -1.901907312866582
 0
 -0.9217623846178136
 0
 -0.01867240012849192
 0
 0
 1.411834848742198
 0
 -0.02859993600410771
 0
 0.9217623846178133
 0
 1.901907312866582
 0
 0.03852747187972339
 0
 0.01867240012849187
 1.411834848742197
 0
 -0.02859993600410763
 0
 0
 0.009336200064245959
 0
 -0.4608811923089067
 0
 0.4608811923089067
 0
 -0.0385274718797235
 0.02919127181547752
 0
 0.02919127181547752
 0
 -0.3121706729413949
 0
 0.3121706729413949
 0
 -0.08616256576541814
 0
 0.08616256576541814
 0
 0
 0.1369959464120116
 0
 0.1369959464120116
 -1.661345375138551
 0
 -0.03365434098188839
 0
 -0.01379926923065686
 0
 -0.6812004468897824
 0
 0
 0.02372680510627262
 0
 -1.171272911014166
 0
 -1.743157064680506
 0
 -0.8448238259736932
 0
 -0.09561095877261226
 0
 -0.1972777200657992
 -1.2939904453271
 0
 0.1464443394192057
 0
 0
 -0.950953656433291
 0
 0.0192637359398617
 0
 -0.0192637359398617
 0
 0.9217623846178136
 0.02919127181547744
 0
 0.02919127181547744
 0
 -0.3121706729413949
 0
 0.3121706729413949
 0
 -0.08616256576541814
 0
 0.08616256576541814
 0
 0
 0.1369959464120116
 0
 0.1369959464120116
 -1.522674584589603
 0
 -0.1723251315308363
 0
 -0.07065837023764937
 0
 -0.6243413458827899
 0
 0
 0.1214917508842428
 0
 -1.073507965236196
 0
 -1.522674584589603
 0
 -0.6243413458827899
 0
 -0.07065837023764937
 0
 -0.1723251315308363
 -1.073507965236196
 0
 0.1214917508842428
 0
 0
 -0.7613372922948015
 0
 0.08616256576541814
 0
 -0.08616256576541814
 0
 0.6243413458827899
 0.1369959464120116
 0
 0.1369959464120116
 0
 -0.3121706729413949
 0
 0.3121706729413949
 0
 -0.08616256576541814
 0
 0.08616256576541814
 0
 0
 0.1369959464120116
 0
 0.1369959464120116
 -1.292888500870354
 0
 -0.4021112152500858
 0
 -0.1648774202082502
 0
 -0.5301222959121892
 0
 0
 0.283494317729168
 0
 -0.9115053983912714
 0
 -1.157321467121705
 0
 -0.2589882284148917
 0
 -0.02931038645960153
 0
 -0.1309771477527885
 -0.7081548477682983
 0
 0.080143767106195
 0
 0
 -0.4913353226603386
 0
 0.1528139847769081
 0
 -0.1528139847769081
 0
 0.2199044403625127
 0.2714308822978259
 0
 0.2714308822978259
 0
 -0.3121706729413949
 0
 0.3121706729413949
 0
 -0.08616256576541814
 0
 0.08616256576541814
 0
 0
 0.1369959464120116
 0
 0.1369959464120116
 -1.00296069153861
 0
 -0.6920390245818293
 0
 -0.2837563458296542
 0
 -0.4112433702907851
 0
 0
 0.4878976852057417
 0
 -0.7071020309146975
 0
 -0.6963447740796218
 0
 0.2019884646271913
 0
 0.022859571629334
 0
 -0.07880718966385292
 -0.2471781547262152
 0
 0.02797380901725946
 0
 0
 -0.22933542177314
 0
 0.1582405600985974
 0
 -0.1582405600985974
 0
 -0.133046477701545
 0.3623818994746849
 0
 0.3623818994746849
 0
 -0.3121706729413949
 0
 0.3121706729413949
 0
 -0.08616256576541814
 0
 0.08616256576541814
 0
 0
 0.1369959464120116
 0
 0.1369959464120116
 -0.6920390245818292
 0
 -1.00296069153861
 0
 -0.4112433702907851
 0
 -0.2837563458296542
 0
 0
 0.7071020309146976
 0
 -0.4878976852057417
 0
 -0.2019884646271912
 0
 0.6963447740796218
 0
 0.07880718966385293
 0
 -0.02285957162933398
 0.2471781547262153
 0
 -0.02797380901725948
 0
 0
 -0.04590077927749014
 0
 0.06652323885077245
 0
 -0.06652323885077245
 0
 -0.3164811201971948
 0.3623818994746849
 0
 0.3623818994746849
 0
 -0.3121706729413949
 0
 0.3121706729413949
 0
 -0.08616256576541814
 0
 0.08616256576541814
 0
 0
 0.1369959464120116
 0
 0.1369959464120116
 -0.4021112152500856
 0
 -1.292888500870354
 0
 -0.5301222959121892
 0
 -0.1648774202082502
 0
 0
 0.9115053983912714
 0
 -0.2834943177291679
 0
 0.2589882284148919
 0
 1.157321467121705
 0
 0.1309771477527885
 0
 0.02931038645960156
 0.7081548477682984
 0
 -0.08014376710619502
 0
 0
 0.03419708725599033
 0
 -0.1099522201812564
 0
 0.1099522201812564
 0
 -0.3056279695538162
 0.2714308822978259
 0
 0.2714308822978259
 0
 -0.3121706729413949
 0
 0.3121706729413949
 0
 -0.08616256576541814
 0
 0.08616256576541814
 0
 0
 0.1369959464120116
 0
 0.1369959464120116
 -0.1723251315308364
 0
 -1.522674584589603
 0
 -0.6243413458827899
 0
 -0.07065837023764941
 0
 0
 1.073507965236196
 0
 -0.1214917508842429
 0
 0.6243413458827897
 0
 1.522674584589603
 0
 0.1723251315308363
 0
 0.07065837023764936
 1.073507965236196
 0
 -0.1214917508842428
 0
 0
 0.03532918511882469
 0
 -0.3121706729413948
 0
 0.3121706729413948
 0
 -0.1723251315308364
 0.1369959464120117
 0
 0.1369959464120117
 0
 -0.3121706729413949
 0
 0.3121706729413949
 0
 -0.08616256576541814
 0
 0.08616256576541814
 0
 0
 0.1369959464120116
 0
 0.1369959464120116
 -0.03365434098188848
 0
 -1.661345375138551
 0
 -0.6812004468897824
 0
 -0.0137992692306569
 0
 0
 1.171272911014166
 0
 -0.02372680510627269
 0
 0.844823825973693
 0
 1.743157064680506
 0
 0.1972777200657992
 0
 0.09561095877261223
 1.293990445327099
 0
 -0.1464443394192057
 0
 0
 0.009336200064245959
 0
 -0.4608811923089067
 0
 0.4608811923089067
 0
 -0.0385274718797235
 0.02919127181547752
 0
 0.02919127181547752
 0
 -0.1099522201812563
 0
 0.1099522201812563
 0
 -0.1528139847769081
 0
 0.1528139847769081
 0
 0
 0.2714308822978259
 0
 0.2714308822978259
 -1.262719353439148
 0
 -0.02557926143534525
 0
 -0.005724189684113728
 0
 -0.2825744251903795
 0
 0
 0.01565172555972949
 0
 -0.7726468893147638
 0
 -1.480098076729752
 0
 -0.7173318717715877
 0
 -0.2231029129747178
 0
 -0.4603367080165534
 -1.09871497425067
 0
 0.3417198104956355
 0
 0
 -0.950953656433291
 0
 0.0192637359398617
 0
 -0.0192637359398617
 0
 0.9217623846178136
 0.02919127181547744
 0
 0.02919127181547744
 0
 -0.1099522201812563
 0
 0.1099522201812563
 0
 -0.1528139847769081
 0
 0.1528139847769081
 0
 0
 0.2714308822978259
 0
 0.2714308822978259
 -1.157321467121705
 0
 -0.1309771477527885
 0
 -0.02931038645960153
 0
 -0.2589882284148917
 0
 0
 0.080143767106195
 0
 -0.7081548477682983
 0
 -1.292888500870354
 0
 -0.5301222959121892
 0
 -0.1648774202082502
 0
 -0.4021112152500858
 -0.9115053983912714
 0
 0.283494317729168
 0
 0
 -0.7613372922948015
 0
 0.08616256576541814
 0
 -0.08616256576541814
 0
 0.6243413458827899
 0.1369959464120116
 0
 0.1369959464120116
 0
 -0.1099522201812563
 0
 0.1099522201812563
 0
 -0.1528139847769081
 0
 0.1528139847769081
 0
 0
 0.2714308822978259
 0
 0.2714308822978259
 -0.9826706453206772
 0
 -0.3056279695538162
 0
 -0.06839417451198063
 0
 -0.2199044403625127
 0
 0
 0.1870110720328984
 0
 -0.601287542841595
 0
 -0.9826706453206772
 0
 -0.2199044403625127
 0
 -0.06839417451198063
 0
 -0.3056279695538162
 -0.601287542841595
 0
 0.1870110720328984
 0
 0
 -0.4913353226603386
 0
 0.1528139847769081
 0
 -0.1528139847769081
 0
 0.2199044403625127
 0.2714308822978259
 0
 0.2714308822978259
 0
 -0.1099522201812563
 0
 0.1099522201812563
 0
 -0.1528139847769081
 0
 0.1528139847769081
 0
 0
 0.2714308822978259
 0
 0.2714308822978259
 -0.7623086053608183
 0
 -0.5259900095136749
 0
 -0.1177073307614998
 0
 -0.1705912841129935
 0
 0
 0.3218486701375873
 0
 -0.4664499447369059
 0
 -0.5912597216504789
 0
 0.1715064833076856
 0
 0.05334155294883974
 0
 -0.1838922420929958
 -0.2098766191713967
 0
 0.06527534457207805
 0
 0
 -0.22933542177314
 0
 0.1582405600985974
 0
 -0.1582405600985974
 0
 -0.133046477701545
 0.3623818994746849
 0
 0.3623818994746849
 0
 -0.1099522201812563
 0
 0.1099522201812563
 0
 -0.1528139847769081
 0
 0.1528139847769081
 0
 0
 0.2714308822978259
 0
 0.2714308822978259
 -0.5259900095136748
 0
 -0.7623086053608185
 0
 -0.1705912841129935
 0
 -0.1177073307614998
 0
 0
 0.466449944736906
 0
 -0.3218486701375873
 0
 -0.1715064833076855
 0
 0.591259721650479
 0
 0.1838922420929959
 0
 -0.0533415529488397
 0.2098766191713968
 0
 -0.06527534457207808
 0
 0
 -0.04590077927749014
 0
 0.06652323885077245
 0
 -0.06652323885077245
 0
 -0.3164811201971948
 0.3623818994746849
 0
 0.3623818994746849
 0
 -0.1099522201812563
 0
 0.1099522201812563
 0
 -0.1528139847769081
 0
 0.1528139847769081
 0
 0
 0.2714308822978259
 0
 0.2714308822978259
 -0.3056279695538161
 0
 -0.9826706453206772
 0
 -0.2199044403625127
 0
 -0.0683941745119806
 0
 0
 0.601287542841595
 0
 -0.1870110720328984
 0
 0.2199044403625128
 0
 0.9826706453206773
 0
 0.3056279695538162
 0
 0.06839417451198067
 0.6012875428415951
 0
 -0.1870110720328985
 0
 0
 0.03419708725599033
 0
 -0.1099522201812564
 0
 0.1099522201812564
 0
 -0.3056279695538162
 0.2714308822978259
 0
 0.2714308822978259
 0
 -0.1099522201812563
 0
 0.1099522201812563
 0
 -0.1528139847769081
 0
 0.1528139847769081
 0
 0
 0.2714308822978259
 0
 0.2714308822978259
 -0.1309771477527885
 0
 -1.157321467121705
 0
 -0.2589882284148917
 0
 -0.02931038645960155
 0
 0
 0.7081548477682983
 0
 -0.08014376710619504
 0
 0.530122295912189
 0
 1.292888500870353
 0
 0.4021112152500857
 0
 0.1648774202082501
 0.9115053983912713
 0
 -0.2834943177291679
 0
 0
 0.03532918511882469
 0
 -0.3121706729413948
 0
 0.3121706729413948
 0
 -0.1723251315308364
 0.1369959464120117
 0
 0.1369959464120117
 0
 -0.1099522201812563
 0
 0.1099522201812563
 0
 -0.1528139847769081
 0
 0.1528139847769081
 0
 0
 0.2714308822978259
 0
 0.2714308822978259
 -0.02557926143534532
 0
 -1.262719353439148
 0
 -0.2825744251903795
 0
 -0.005724189684113743
 0
 0
 0.7726468893147638
 0
 -0.01565172555972954
 0
 0.7173318717715876
 0
 1.480098076729752
 0
 0.4603367080165533
 0
 0.2231029129747177
 1.09871497425067
 0
 -0.3417198104956355
 0
 0
 0.009336200064245959
 0
 -0.4608811923089067
 0
 0.4608811923089067
 0
 -0.0385274718797235
 0.02919127181547752
 0
 0.02919127181547752
 0
 0.06652323885077248
 0
 -0.06652323885077248
 0
 -0.1582405600985974
 0
 0.1582405600985974
 0
 0
 0.3623818994746849
 0
 0.3623818994746849
 -0.75976126588524
 0
 -0.01539069785823471
 0
 0.004464373892996818
 0
 0.2203836623635285
 0
 0
 0.005463161982618944
 0
 -0.2696888017608557
 0
 -1.148188872886184
 0
 -0.5564715516383586
 0
 -0.3839632331079468
 0
 -0.7922459118601219
 -0.852330212262271
 0
 0.5881045724840342
 0
 0
 -0.950953656433291
 0
 0.0192637359398617
 0
 -0.0192637359398617
 0
 0.9217623846178136
 0.02919127181547744
 0
 0.02919127181547744
 0
 0.06652323885077248
 0
 -0.06652323885077248
 0
 -0.1582405600985974
 0
 0.1582405600985974
 0
 0
 0.3623818994746849
 0
 0.3623818994746849
 -0.6963447740796218
 0
 -0.07880718966385292
 0
 0.022859571629334
 0
 0.2019884646271913
 0
 0
 0.02797380901725946
 0
 -0.2471781547262152
 0
 -1.00296069153861
 0
 -0.4112433702907851
 0
 -0.2837563458296542
 0
 -0.6920390245818293
 -0.7071020309146975
 0
 0.4878976852057417
 0
 0
 -0.7613372922948015
 0
 0.08616256576541814
 0
 -0.08616256576541814
 0
 0.6243413458827899
 0.1369959464120116
 0
 0.1369959464120116
 0
 0.06652323885077248
 0
 -0.06652323885077248
 0
 -0.1582405600985974
 0
 0.1582405600985974
 0
 0
 0.3623818994746849
 0
 0.3623818994746849
 -0.5912597216504789
 0
 -0.1838922420929958
 0
 0.05334155294883974
 0
 0.1715064833076856
 0
 0
 0.06527534457207805
 0
 -0.2098766191713967
 0
 -0.7623086053608183
 0
 -0.1705912841129935
 0
 -0.1177073307614998
 0
 -0.5259900095136749
 -0.4664499447369059
 0
 0.3218486701375873
 0
 0
 -0.4913353226603386
 0
 0.1528139847769081
 0
 -0.1528139847769081
 0
 0.2199044403625127
 0.2714308822978259
 0
 0.2714308822978259
 0
 0.06652323885077248
 0
 -0.06652323885077248
 0
 -0.1582405600985974
 0
 0.1582405600985974
 0
 0
 0.3623818994746849
 0
 0.3623818994746849
 -0.4586708435462799
 0
 -0.3164811201971948
 0
 0.09180155855498036
 0
 0.133046477701545
 0
 0
 0.1123397808211072
 0
 -0.1628121829223675
 0
 -0.4586708435462799
 0
 0.133046477701545
 0
 0.09180155855498036
 0
 -0.3164811201971948
 -0.1628121829223675
 0
 0.1123397808211072
 0
 0
 -0.22933542177314
 0
 0.1582405600985974
 0
 -0.1582405600985974
 0
 -0.133046477701545
 0.3623818994746849
 0
 0.3623818994746849
 0
 0.06652323885077248
 0
 -0.06652323885077248
 0
 -0.1582405600985974
 0
 0.1582405600985974
 0
 0
 0.3623818994746849
 0
 0.3623818994746849
 -0.3164811201971947
 0
 -0.45867084354628
 0
 0.133046477701545
 0
 0.09180155855498034
 0
 0
 0.1628121829223675
 0
 -0.1123397808211072
 0
 -0.1330464777015449
 0
 0.45867084354628
 0
 0.3164811201971948
 0
 -0.09180155855498029
 0.1628121829223675
 0
 -0.1123397808211073
 0
 0
 -0.04590077927749014
 0
 0.06652323885077245
 0
 -0.06652323885077245
 0
 -0.3164811201971948
 0.3623818994746849
 0
 0.3623818994746849
 0
 0.06652323885077248
 0
 -0.06652323885077248
 0
 -0.1582405600985974
 0
 0.1582405600985974
 0
 0
 0.3623818994746849
 0
 0.3623818994746849
 -0.1838922420929958
 0
 -0.5912597216504789
 0
 0.1715064833076856
 0
 0.05334155294883973
 0
 0
 0.2098766191713967
 0
 -0.06527534457207802
 0
 0.1705912841129936
 0
 0.7623086053608185
 0
 0.525990009513675
 0
 0.1177073307614999
 0.466449944736906
 0
 -0.3218486701375874
 0
 0
 0.03419708725599033
 0
 -0.1099522201812564
 0
 0.1099522201812564
 0
 -0.3056279695538162
 0.2714308822978259
 0
 0.2714308822978259
 0
 0.06652323885077248
 0
 -0.06652323885077248
 0
 -0.1582405600985974
 0
 0.1582405600985974
 0
 0
 0.3623818994746849
 0
 0.3623818994746849
 -0.07880718966385296
 0
 -0.6963447740796218
 0
 0.2019884646271913
 0
 0.02285957162933401
 0
 0
 0.2471781547262152
 0
 -0.02797380901725947
 0
 0.4112433702907849
 0
 1.00296069153861
 0
 0.6920390245818292
 0
 0.2837563458296541
 0.7071020309146974
 0
 -0.4878976852057417
 0
 0
 0.03532918511882469
 0
 -0.3121706729413948
 0
 0.3121706729413948
 0
 -0.1723251315308364
 0.1369959464120117
 0
 0.1369959464120117
 0
 0.06652323885077248
 0
 -0.06652323885077248
 0
 -0.1582405600985974
 0
 0.1582405600985974
 0
 0
 0.3623818994746849
 0
 0.3623818994746849
 -0.01539069785823475
 0
 -0.75976126588524
 0
 0.2203836623635285
 0
 0.00446437389299683
 0
 0
 0.2696888017608557
 0
 -0.00546316198261896
 0
 0.5564715516383585
 0
 1.148188872886183
 0
 0.7922459118601218
 0
 0.3839632331079467
 0.8523302122622709
 0
 -0.5881045724840342
 0
 0
 0.009336200064245959
 0
 -0.4608811923089067
 0
 0.4608811923089067
 0
 -0.0385274718797235
 0.02919127181547752
 0
 0.02919127181547752
 0
 0.1582405600985974
 0
 -0.1582405600985974
 0
 -0.06652323885077245
 0
 0.06652323885077245
 0
 0
 0.3623818994746849
 0
 0.3623818994746849
 -0.2203836623635283
 0
 -0.004464373892996814
 0
 0.01539069785823471
 0
 0.7597612658852401
 0
 0
 -0.005463161982618947
 0
 0.2696888017608559
 0
 -0.7922459118601218
 0
 -0.3839632331079467
 0
 -0.5564715516383587
 0
 -1.148188872886184
 -0.5881045724840341
 0
 0.8523302122622712
 0
 0
 -0.950953656433291
 0
 0.0192637359398617
 0
 -0.0192637359398617
 0
 0.9217623846178136
 0.02919127181547744
 0
 0.02919127181547744
 0
 0.1582405600985974
 0
 -0.1582405600985974
 0
 -0.06652323885077245
 0
 0.06652323885077245
 0
 0
 0.3623818994746849
 0
 0.3623818994746849
 -0.2019884646271912
 0
 -0.02285957162933398
 0
 0.07880718966385293
 0
 0.6963447740796218
 0
 0
 -0.02797380901725948
 0
 0.2471781547262153
 0
 -0.6920390245818292
 0
 -0.2837563458296542
 0
 -0.4112433702907851
 0
 -1.00296069153861
 -0.4878976852057417
 0
 0.7071020309146976
 0
 0
 -0.7613372922948015
 0
 0.08616256576541814
 0
 -0.08616256576541814
 0
 0.6243413458827899
 0.1369959464120116
 0
 0.1369959464120116
 0
 0.1582405600985974
 0
 -0.1582405600985974
 0
 -0.06652323885077245
 0
 0.06652323885077245
 0
 0
 0.3623818994746849
 0
 0.3623818994746849
 -0.1715064833076855
 0
 -0.0533415529488397
 0
 0.1838922420929959
 0
 0.591259721650479
 0
 0
 -0.06527534457207808
 0
 0.2098766191713968
 0
 -0.5259900095136748
 0
 -0.1177073307614998
 0
 -0.1705912841129935
 0
 -0.7623086053608185
 -0.3218486701375873
 0
 0.466449944736906
 0
 0
 -0.4913353226603386
 0
 0.1528139847769081
 0
 -0.1528139847769081
 0
 0.2199044403625127
 0.2714308822978259
 0
 0.2714308822978259
 0
 0.1582405600985974
 0
 -0.1582405600985974
 0
 -0.06652323885077245
 0
 0.06652323885077245
 0
 0
 0.3623818994746849
 0
 0.3623818994746849
 -0.1330464777015449
 0
 -0.09180155855498029
 0
 0.3164811201971948
 0
 0.45867084354628
 0
 0
 -0.1123397808211073
 0
 0.1628121829223675
 0
 -0.3164811201971947
 0
 0.09180155855498034
 0
 0.133046477701545
 0
 -0.45867084354628
 -0.1123397808211072
 0
 0.1628121829223675
 0
 0
 -0.22933542177314
 0
 0.1582405600985974
 0
 -0.1582405600985974
 0
 -0.133046477701545
 0.3623818994746849
 0
 0.3623818994746849
 0
 0.1582405600985974
 0
 -0.1582405600985974
 0
 -0.06652323885077245
 0
 0.06652323885077245
 0
 0
 0.3623818994746849
 0
 0.3623818994746849
 -0.09180155855498028
 0
 -0.1330464777015449
 0
 0.4586708435462801
 0
 0.3164811201971948
 0
 0
 -0.1628121829223676
 0
 0.1123397808211072
 0
 -0.09180155855498028
 0
 0.3164811201971948
 0
 0.4586708435462801
 0
 -0.1330464777015449
 0.1123397808211072
 0
 -0.1628121829223676
 0
 0
 -0.04590077927749014
 0
 0.06652323885077245
 0
 -0.06652323885077245
 0
 -0.3164811201971948
 0.3623818994746849
 0
 0.3623818994746849
 0
 0.1582405600985974
 0
 -0.1582405600985974
 0
 -0.06652323885077245
 0
 0.06652323885077245
 0
 0
 0.3623818994746849
 0
 0.3623818994746849
 -0.05334155294883969
 0
 -0.1715064833076855
 0
 0.591259721650479
 0
 0.1838922420929958
 0
 0
 -0.2098766191713968
 0
 0.06527534457207806
 0
 0.1177073307614999
 0
 0.5259900095136749
 0
 0.7623086053608186
 0
 0.1705912841129936
 0.3218486701375873
 0
 -0.4664499447369062
 0
 0
 0.03419708725599033
 0
 -0.1099522201812564
 0
 0.1099522201812564
 0
 -0.3056279695538162
 0.2714308822978259
 0
 0.2714308822978259
 0
 0.1582405600985974
 0
 -0.1582405600985974
 0
 -0.06652323885077245
 0
 0.06652323885077245
 0
 0
 0.3623818994746849
 0
 0.3623818994746849
 -0.02285957162933399
 0
 -0.2019884646271912
 0
 0.6963447740796218
 0
 0.07880718966385297
 0
 0
 -0.2471781547262153
 0
 0.02797380901725949
 0
 0.2837563458296541
 0
 0.6920390245818292
 0
 1.00296069153861
 0
 0.411243370290785
 0.4878976852057416
 0
 -0.7071020309146975
 0
 0
 0.03532918511882469
 0
 -0.3121706729413948
 0
 0.3121706729413948
 0
 -0.1723251315308364
 0.1369959464120117
 0
 0.1369959464120117
 0
 0.1582405600985974
 0
 -0.1582405600985974
 0
 -0.06652323885077245
 0
 0.06652323885077245
 0
 0
 0.3623818994746849
 0
 0.3623818994746849
 -0.004464373892996826
 0
 -0.2203836623635283
 0
 0.7597612658852401
 0
 0.01539069785823475
 0
 0
 -0.2696888017608559
 0
 0.005463161982618963
 0
 0.3839632331079467
 0
 0.7922459118601217
 0
 1.148188872886184
 0
 0.5564715516383586
 0.5881045724840341
 0
 -0.8523302122622711
 0
 0
 0.009336200064245959
 0
 -0.4608811923089067
 0
 0.4608811923089067
 0
 -0.0385274718797235
 0.02919127181547752
 0
 0.02919127181547752
 0
 0.1528139847769081
 0
 -0.1528139847769081
 0
 0.1099522201812564
 0
 -0.1099522201812564
 0
 0
 0.2714308822978259
 0
 0.2714308822978259
 0.2825744251903797
 0
 0.005724189684113732
 0
 0.02557926143534526
 0
 1.262719353439148
 0
 0
 -0.01565172555972949
 0
 0.7726468893147639
 0
 -0.4603367080165532
 0
 -0.2231029129747177
 0
 -0.7173318717715877
 0
 -1.480098076729752
 -0.3417198104956355
 0
 1.09871497425067
 0
 0
 -0.950953656433291
 0
 0.0192637359398617
 0
 -0.0192637359398617
 0
 0.9217623846178136
 0.02919127181547744
 0
 0.02919127181547744
 0
 0.1528139847769081
 0
 -0.1528139847769081
 0
 0.1099522201812564
 0
 -0.1099522201812564
 0
 0
 0.2714308822978259
 0
 0.2714308822978259
 0.2589882284148919
 0
 0.02931038645960156
 0
 0.1309771477527885
 0
 1.157321467121705
 0
 0
 -0.08014376710619502
 0
 0.7081548477682984
 0
 -0.4021112152500856
 0
 -0.1648774202082502
 0
 -0.5301222959121892
 0
 -1.292888500870354
 -0.2834943177291679
 0
 0.9115053983912714
 0
 0
 -0.7613372922948015
 0
 0.08616256576541814
 0
 -0.08616256576541814
 0
 0.6243413458827899
 0.1369959464120116
 0
 0.1369959464120116
 0
 0.1528139847769081
 0
 -0.1528139847769081
 0
 0.1099522201812564
 0
 -0.1099522201812564
 0
 0
 0.2714308822978259
 0
 0.2714308822978259
 0.2199044403625128
 0
 0.06839417451198067
 0
 0.3056279695538162
 0
 0.9826706453206773
 0
 0
 -0.1870110720328985
 0
 0.6012875428415951
 0
 -0.3056279695538161
 0
 -0.0683941745119806
 0
 -0.2199044403625127
 0
 -0.9826706453206772
 -0.1870110720328984
 0
 0.601287542841595
 0
 0
 -0.4913353226603386
 0
 0.1528139847769081
 0
 -0.1528139847769081
 0
 0.2199044403625127
 0.2714308822978259
 0
 0.2714308822978259
 0
 0.1528139847769081
 0
 -0.1528139847769081
 0
 0.1099522201812564
 0
 -0.1099522201812564
 0
 0
 0.2714308822978259
 0
 0.2714308822978259
 0.1705912841129936
 0
 0.1177073307614999
 0
 0.525990009513675
 0
 0.7623086053608185
 0
 0
 -0.3218486701375874
 0
 0.466449944736906
 0
 -0.1838922420929958
 0
 0.05334155294883973
 0
 0.1715064833076856
 0
 -0.5912597216504789
 -0.06527534457207802
 0
 0.2098766191713967
 0
 0
 -0.22933542177314
 0
 0.1582405600985974
 0
 -0.1582405600985974
 0
 -0.133046477701545
 0.3623818994746849
 0
 0.3623818994746849
 0
 0.1528139847769081
 0
 -0.1528139847769081
 0
 0.1099522201812564
 0
 -0.1099522201812564
 0
 0
 0.2714308822978259
 0
 0.2714308822978259
 0.1177073307614999
 0
 0.1705912841129936
 0
 0.7623086053608186
 0
 0.5259900095136749
 0
 0
 -0.4664499447369062
 0
 0.3218486701375873
 0
 -0.05334155294883969
 0
 0.1838922420929958
 0
 0.591259721650479
 0
 -0.1715064833076855
 0.06527534457207806
 0
 -0.2098766191713968
 0
 0
 -0.04590077927749014
 0
 0.06652323885077245
 0
 -0.06652323885077245
 0
 -0.3164811201971948
 0.3623818994746849
 0
 0.3623818994746849
 0
 0.1528139847769081
 0
 -0.1528139847769081
 0
 0.1099522201812564
 0
 -0.1099522201812564
 0
 0
 0.2714308822978259
 0
 0.2714308822978259
 0.06839417451198065
 0
 0.2199044403625128
 0
 0.9826706453206773
 0
 0.3056279695538162
 0
 0
 -0.6012875428415951
 0
 0.1870110720328984
 0
 0.06839417451198065
 0
 0.3056279695538162
 0
 0.9826706453206773
 0
 0.2199044403625128
 0.1870110720328984
 0
 -0.6012875428415951
 0
 0
 0.03419708725599033
 0
 -0.1099522201812564
 0
 0.1099522201812564
 0
 -0.3056279695538162
 0.2714308822978259
 0
 0.2714308822978259
 0
 0.1528139847769081
 0
 -0.1528139847769081
 0
 0.1099522201812564
 0
 -0.1099522201812564
 0
 0
 0.2714308822978259
 0
 0.2714308822978259
 0.02931038645960157
 0
 0.2589882284148919
 0
 1.157321467121705
 0
 0.1309771477527885
 0
 0
 -0.7081548477682984
 0
 0.08014376710619506
 0
 0.1648774202082501
 0
 0.4021112152500856
 0
 1.292888500870353
 0
 0.530122295912189
 0.2834943177291678
 0
 -0.9115053983912713
 0
 0
 0.03532918511882469
 0
 -0.3121706729413948
 0
 0.3121706729413948
 0
 -0.1723251315308364
 0.1369959464120117
 0
 0.1369959464120117
 0
 0.1528139847769081
 0
 -0.1528139847769081
 0
 0.1099522201812564
 0
 -0.1099522201812564
 0
 0
 0.2714308822978259
 0
 0.2714308822978259
 0.005724189684113748
 0
 0.2825744251903797
 0
 1.262719353439148
 0
 0.02557926143534533
 0
 0
 -0.7726468893147639
 0
 0.01565172555972954
 0
 0.2231029129747177
 0
 0.4603367080165532
 0
 1.480098076729752
 0
 0.7173318717715876
 0.3417198104956354
 0
 -1.09871497425067
 0
 0
 0.009336200064245959
 0
 -0.4608811923089067
 0
 0.4608811923089067
 0
 -0.0385274718797235
 0.02919127181547752
 0
 0.02919127181547752
 0
 0.08616256576541818
 0
 -0.08616256576541818
 0
 0.3121706729413948
 0
 -0.3121706729413948
 0
 0
 0.1369959464120117
 0
 0.1369959464120117
 0.6812004468897822
 0
 0.01379926923065686
 0
 0.03365434098188838
 0
 1.661345375138551
 0
 0
 -0.02372680510627262
 0
 1.171272911014166
 0
 -0.1972777200657993
 0
 -0.0956109587726123
 0
 -0.8448238259736932
 0
 -1.743157064680506
 -0.1464443394192058
 0
 1.2939904453271
 0
 0
 -0.950953656433291
 0
 0.0192637359398617
 0
 -0.0192637359398617
 0
 0.9217623846178136
 0.02919127181547744
 0
 0.02919127181547744
 0
 0.08616256576541818
 0
 -0.08616256576541818
 0
 0.3121706729413948
 0
 -0.3121706729413948
 0
 0
 0.1369959464120117
 0
 0.1369959464120117
 0.6243413458827897
 0
 0.07065837023764936
 0
 0.1723251315308363
 0
 1.522674584589603
 0
 0
 -0.1214917508842428
 0
 1.073507965236196
 0
 -0.1723251315308364
 0
 -0.07065837023764941
 0
 -0.6243413458827899
 0
 -1.522674584589603
 -0.1214917508842429
 0
 1.073507965236196
 0
 0
 -0.7613372922948015
 0
 0.08616256576541814
 0
 -0.08616256576541814
 0
 0.6243413458827899
 0.1369959464120116
 0
 0.1369959464120116
 0
 0.08616256576541818
 0
 -0.08616256576541818
 0
 0.3121706729413948
 0
 -0.3121706729413948
 0
 0
 0.1369959464120117
 0
 0.1369959464120117
 0.530122295912189
 0
 0.1648774202082501
 0
 0.4021112152500857
 0
 1.292888500870353
 0
 0
 -0.2834943177291679
 0
 0.9115053983912713
 0
 -0.1309771477527885
 0
 -0.02931038645960155
 0
 -0.2589882284148917
 0
 -1.157321467121705
 -0.08014376710619504
 0
 0.7081548477682983
 0
 0
 -0.4913353226603386
 0
 0.1528139847769081
 0
 -0.1528139847769081
 0
 0.2199044403625127
 0.2714308822978259
 0
 0.2714308822978259
 0
 0.08616256576541818
 0
 -0.08616256576541818
 0
 0.3121706729413948
 0
 -0.3121706729413948
 0
 0
 0.1369959464120117
 0
 0.1369959464120117
 0.4112433702907849
 0
 0.2837563458296541
 0
 0.6920390245818292
 0
 1.00296069153861
 0
 0
 -0.4878976852057417
 0
 0.7071020309146974
 0
 -0.07880718966385296
 0
 0.02285957162933401
 0
 0.2019884646271913
 0
 -0.6963447740796218
 -0.02797380901725947
 0
 0.2471781547262152
 0
 0
 -0.22933542177314
 0
 0.1582405600985974
 0
 -0.1582405600985974
 0
 -0.133046477701545
 0.3623818994746849
 0
 0.3623818994746849
 0
 0.08616256576541818
 0
 -0.08616256576541818
 0
 0.3121706729413948
 0
 -0.3121706729413948
 0
 0
 0.1369959464120117
 0
 0.1369959464120117
 0.2837563458296541
 0
 0.411243370290785
 0
 1.00296069153861
 0
 0.6920390245818292
 0
 0
 -0.7071020309146975
 0
 0.4878976852057416
 0
 -0.02285957162933399
 0
 0.07880718966385297
 0
 0.6963447740796218
 0
 -0.2019884646271912
 0.02797380901725949
 0
 -0.2471781547262153
 0
 0
 -0.04590077927749014
 0
 0.06652323885077245
 0
 -0.06652323885077245
 0
 -0.3164811201971948
 0.3623818994746849
 0
 0.3623818994746849
 0
 0.08616256576541818
 0
 -0.08616256576541818
 0
 0.3121706729413948
 0
 -0.3121706729413948
 0
 0
 0.1369959464120117
 0
 0.1369959464120117
 0.1648774202082501
 0
 0.530122295912189
 0
 1.292888500870353
 0
 0.4021112152500856
 0
 0
 -0.9115053983912713
 0
 0.2834943177291678
 0
 0.02931038645960157
 0
 0.1309771477527885
 0
 1.157321467121705
 0
 0.2589882284148919
 0.08014376710619506
 0
 -0.7081548477682984
 0
 0
 0.03419708725599033
 0
 -0.1099522201812564
 0
 0.1099522201812564
 0
 -0.3056279695538162
 0.2714308822978259
 0
 0.2714308822978259
 0
 0.08616256576541818
 0
 -0.08616256576541818
 0
 0.3121706729413948
 0
 -0.3121706729413948
 0
 0
 0.1369959464120117
 0
 0.1369959464120117
 0.07065837023764938
 0
 0.6243413458827897
 0
 1.522674584589603
 0
 0.1723251315308364
 0
 0
 -1.073507965236196
 0
 0.1214917508842429
 0
 0.07065837023764938
 0
 0.1723251315308364
 0
 1.522674584589603
 0
 0.6243413458827897
 0.1214917508842429
 0
 -1.073507965236196
 0
 0
 0.03532918511882469
 0
 -0.3121706729413948
 0
 0.3121706729413948
 0
 -0.1723251315308364
 0.1369959464120117
 0
 0.1369959464120117
 0
 0.08616256576541818
 0
 -0.08616256576541818
 0
 0.3121706729413948
 0
 -0.3121706729413948
 0
 0
 0.1369959464120117
 0
 0.1369959464120117
 0.0137992692306569
 0
 0.6812004468897822
 0
 1.661345375138551
 0
 0.03365434098188848
 0
 0
 -1.171272911014166
 0
 0.02372680510627269
 0
 0.09561095877261229
 0
 0.1972777200657992
 0
 1.743157064680506
 0
 0.844823825973693
 0.1464443394192058
 0
 -1.293990445327099
 0
 0
 0.009336200064245959
 0
 -0.4608811923089067
 0
 0.4608811923089067
 0
 -0.0385274718797235
 0.02919127181547752
 0
 0.02919127181547752
 0
 0.01926373593986175
 0
 -0.01926373593986175
 0
 0.4608811923089067
 0
 -0.4608811923089067
 0
 0
 0.02919127181547752
 0
 0.02919127181547752
 0.9217623846178133
 0
 0.01867240012849187
 0
 0.03852747187972339
 0
 1.901907312866582
 0
 0
 -0.02859993600410763
 0
 1.411834848742197
 0
 -0.0385274718797235
 0
 -0.01867240012849192
 0
 -0.9217623846178136
 0
 -1.901907312866582
 -0.02859993600410771
 0
 1.411834848742198
 0
 0
 -0.950953656433291
 0
 0.0192637359398617
 0
 -0.0192637359398617
 0
 0.9217623846178136
 0.02919127181547744
 0
 0.02919127181547744
 0
 0.01926373593986175
 0
 -0.01926373593986175
 0
 0.4608811923089067
 0
 -0.4608811923089067
 0
 0
 0.02919127181547752
 0
 0.02919127181547752
 0.844823825973693
 0
 0.09561095877261223
 0
 0.1972777200657992
 0
 1.743157064680506
 0
 0
 -0.1464443394192057
 0
 1.293990445327099
 0
 -0.03365434098188848
 0
 -0.0137992692306569
 0
 -0.6812004468897824
 0
 -1.661345375138551
 -0.02372680510627269
 0
 1.171272911014166
 0
 0
 -0.7613372922948015
 0
 0.08616256576541814
 0
 -0.08616256576541814
 0
 0.6243413458827899
 0.1369959464120116
 0
 0.1369959464120116
 0
 0.01926373593986175
 0
 -0.01926373593986175
 0
 0.4608811923089067
 0
 -0.4608811923089067
 0
 0
 0.02919127181547752
 0
 0.02919127181547752
 0.7173318717715876
 0
 0.2231029129747177
 0
 0.4603367080165533
 0
 1.480098076729752
 0
 0
 -0.3417198104956355
 0
 1.09871497425067
 0
 -0.02557926143534532
 0
 -0.005724189684113743
 0
 -0.2825744251903795
 0
 -1.262719353439148
 -0.01565172555972954
 0
 0.7726468893147638
 0
 0
 -0.4913353226603386
 0
 0.1528139847769081
 0
 -0.1528139847769081
 0
 0.2199044403625127
 0.2714308822978259
 0
 0.2714308822978259
 0
 0.01926373593986175
 0
 -0.01926373593986175
 0
 0.4608811923089067
 0
 -0.4608811923089067
 0
 0
 0.02919127181547752
 0
 0.02919127181547752
 0.5564715516383585
 0
 0.3839632331079467
 0
 0.7922459118601218
 0
 1.148188872886183
 0
 0
 -0.5881045724840342
 0
 0.8523302122622709
 0
 -0.01539069785823475
 0
 0.00446437389299683
 0
 0.2203836623635285
 0
 -0.75976126588524
 -0.00546316198261896
 0
 0.2696888017608557
 0
 0
 -0.22933542177314
 0
 0.1582405600985974
 0
 -0.1582405600985974
 0
 -0.133046477701545
 0.3623818994746849
 0
 0.3623818994746849
 0
 0.01926373593986175
 0
 -0.01926373593986175
 0
 0.4608811923089067
 0
 -0.4608811923089067
 0
 0
 0.02919127181547752
 0
 0.02919127181547752
 0.3839632331079467
 0
 0.5564715516383586
 0
 1.148188872886184
 0
 0.7922459118601217
 0
 0
 -0.8523302122622711
 0
 0.5881045724840341
 0
 -0.004464373892996826
 0
 0.01539069785823475
 0
 0.7597612658852401
 0
 -0.2203836623635283
 0.005463161982618963
 0
 -0.2696888017608559
 0
 0
 -0.04590077927749014
 0
 0.06652323885077245
 0
 -0.06652323885077245
 0
 -0.3164811201971948
 0.3623818994746849
 0
 0.3623818994746849
 0
 0.01926373593986175
 0
 -0.01926373593986175
 0
 0.4608811923089067
 0
 -0.4608811923089067
 0
 0
 0.02919127181547752
 0
 0.02919127181547752
 0.2231029129747177
 0
 0.7173318717715876
 0
 1.480098076729752
 0
 0.4603367080165532
 0
 0
 -1.09871497425067
 0
 0.3417198104956354
 0
 0.005724189684113748
 0
 0.02557926143534533
 0
 1.262719353439148
 0
 0.2825744251903797
 0.01565172555972954
 0
 -0.7726468893147639
 0
 0
 0.03419708725599033
 0
 -0.1099522201812564
 0
 0.1099522201812564
 0
 -0.3056279695538162
 0.2714308822978259
 0
 0.2714308822978259
 0
 0.01926373593986175
 0
 -0.01926373593986175
 0
 0.4608811923089067
 0
 -0.4608811923089067
 0
 0
 0.02919127181547752
 0
 0.02919127181547752
 0.09561095877261229
 0
 0.844823825973693
 0
 1.743157064680506
 0
 0.1972777200657992
 0
 0
 -1.293990445327099
 0
 0.1464443394192058
 0
 0.0137992692306569
 0
 0.03365434098188848
 0
 1.661345375138551
 0
 0.6812004468897822
 0.02372680510627269
 0
 -1.171272911014166
 0
 0
 0.03532918511882469
 0
 -0.3121706729413948
 0
 0.3121706729413948
 0
 -0.1723251315308364
 0.1369959464120117
 0
 0.1369959464120117
 0
 0.01926373593986175
 0
 -0.01926373593986175
 0
 0.4608811923089067
 0
 -0.4608811923089067
 0
 0
 0.02919127181547752
 0
 0.02919127181547752
 0.01867240012849192
 0
 0.9217623846178133
 0
 1.901907312866582
 0
 0.0385274718797235
 0
 0
 -1.411834848742197
 0
 0.02859993600410771
 0
 0.01867240012849192
 0
 0.0385274718797235
 0
 1.901907312866582
 0
 0.9217623846178133
 0.02859993600410771
 0
 -1.411834848742197
 0
 0
 0.009336200064245959
 0
 -0.4608811923089067
 0
 0.4608811923089067
 0
 -0.0385274718797235
 0.02919127181547752
 0
 0.02919127181547752
 0


# name: edgeBasis
# type: matrix
# ndims: 4
 12 2 8 4
 0.9801449282487684
 0
 0.01985507175123152
 0
 0
 0
 0
 0
 0
 0
 0
 -0
 0
 0.9217623846178136
 0
 -0.03852747187972339
 0
 -0
 0
 0
 -0.05838254363095488
 0
 0
 0
 0.898333238706813
 0
 0.1016667612931869
 0
 0
 0
 0
 0
 0
 0
 0
 -0
 0
 0.6243413458827899
 0
 -0.1723251315308363
 0
 -0
 0
 0
 -0.2739918928240231
 0
 0
 0
 0.7627662049581645
 0
 0.2372337950418356
 0
 0
 0
 0
 0
 0
 0
 0
 -0
 0
 0.2199044403625127
 0
 -0.3056279695538162
 0
 -0
 0
 0
 -0.5428617645956517
 0
 0
 0
 0.5917173212478248
 0
 0.4082826787521751
 0
 0
 0
 0
 0
 0
 0
 0
 -0
 0
 -0.133046477701545
 0
 -0.3164811201971948
 0
 -0
 0
 -0
 -0.7247637989493698
 0
 0
 0
 0.4082826787521751
 0
 0.5917173212478249
 0
 0
 0
 0
 0
 0
 0
 0
 -0
 0
 -0.3164811201971948
 0
 -0.1330464777015449
 0
 -0
 0
 -0
 -0.7247637989493698
 0
 0
 0
 0.2372337950418355
 0
 0.7627662049581645
 0
 0
 0
 0
 0
 0
 0
 0
 -0
 0
 -0.3056279695538162
 0
 0.2199044403625128
 0
 0
 0
 -0
 -0.5428617645956517
 0
 0
 0
 0.101666761293187
 0
 0.898333238706813
 0
 0
 0
 0
 0
 0
 0
 0
 -0
 0
 -0.1723251315308364
 0
 0.6243413458827897
 0
 0
 0
 -0
 -0.2739918928240234
 0
 0
 0
 0.01985507175123158
 0
 0.9801449282487684
 0
 0
 0
 0
 0
 0
 0
 0
 -0
 0
 -0.0385274718797235
 0
 0.9217623846178133
 0
 0
 0
 -0
 -0.05838254363095505
 0
 0
 0
 0
 0
 0.9217623846178136
 0
 -0.03852747187972339
 0
 -0
 0
 0
 0.05838254363095488
 0
 -0
 0
 0
 0
 0.9801449282487684
 0
 0.01985507175123152
 0
 0
 -0
 0
 0
 0
 0
 0
 0.6243413458827899
 0
 -0.1723251315308363
 0
 -0
 0
 0
 0.2739918928240231
 0
 -0
 0
 0
 0
 0.898333238706813
 0
 0.1016667612931869
 0
 0
 -0
 0
 0
 0
 0
 0
 0.2199044403625127
 0
 -0.3056279695538162
 0
 -0
 0
 0
 0.5428617645956517
 0
 -0
 0
 0
 0
 0.7627662049581645
 0
 0.2372337950418356
 0
 0
 -0
 0
 0
 0
 -0
 0
 -0.133046477701545
 0
 -0.3164811201971948
 0
 -0
 0
 0
 0.7247637989493698
 0
 -0
 0
 0
 0
 0.5917173212478248
 0
 0.4082826787521751
 0
 0
 -0
 0
 0
 0
 -0
 0
 -0.3164811201971948
 0
 -0.1330464777015449
 0
 -0
 0
 0
 0.7247637989493698
 0
 -0
 0
 0
 0
 0.4082826787521751
 0
 0.5917173212478249
 0
 0
 -0
 0
 0
 0
 -0
 0
 -0.3056279695538162
 0
 0.2199044403625128
 0
 0
 0
 0
 0.5428617645956517
 0
 -0
 0
 0
 0
 0.2372337950418355
 0
 0.7627662049581645
 0
 0
 -0
 0
 0
 0
 -0
 0
 -0.1723251315308364
 0
 0.6243413458827897
 0
 0
 0
 0
 0.2739918928240234
 0
 -0
 0
 0
 0
 0.101666761293187
 0
 0.898333238706813
 0
 0
 -0
 0
 0
 0
 -0
 0
 -0.0385274718797235
 0
 0.9217623846178133
 0
 0
 0
 0
 0.05838254363095505
 0
 -0
 0
 0
 0
 0.01985507175123158
 0
 0.9801449282487684
 0
 0
 -0
 0
 0
 0
 0
 0
 0
 0
 0.9801449282487684
 0
 0.01985507175123152
 0
 0
 0
 0
 -0
 0
 -0
 0
 0
 0
 0.9217623846178136
 0
 -0.03852747187972339
 -0
 0
 0.05838254363095488
 0
 0
 0
 0
 0
 0.898333238706813
 0
 0.1016667612931869
 0
 0
 0
 0
 -0
 0
 -0
 0
 0
 0
 0.6243413458827899
 0
 -0.1723251315308363
 -0
 0
 0.2739918928240231
 0
 0
 0
 0
 0
 0.7627662049581645
 0
 0.2372337950418356
 0
 0
 0
 0
 -0
 0
 -0
 0
 0
 0
 0.2199044403625127
 0
 -0.3056279695538162
 -0
 0
 0.5428617645956517
 0
 0
 0
 0
 0
 0.5917173212478248
 0
 0.4082826787521751
 0
 0
 0
 0
 -0
 0
 -0
 0
 -0
 0
 -0.133046477701545
 0
 -0.3164811201971948
 -0
 0
 0.7247637989493698
 0
 0
 0
 0
 0
 0.4082826787521751
 0
 0.5917173212478249
 0
 0
 0
 0
 -0
 0
 -0
 0
 -0
 0
 -0.3164811201971948
 0
 -0.1330464777015449
 -0
 0
 0.7247637989493698
 0
 0
 0
 0
 0
 0.2372337950418355
 0
 0.7627662049581645
 0
 0
 0
 0
 -0
 0
 0
 0
 -0
 0
 -0.3056279695538162
 0
 0.2199044403625128
 -0
 0
 0.5428617645956517
 0
 0
 0
 0
 0
 0.101666761293187
 0
 0.898333238706813
 0
 0
 0
 0
 -0
 0
 0
 0
 -0
 0
 -0.1723251315308364
 0
 0.6243413458827897
 -0
 0
 0.2739918928240234
 0
 0
 0
 0
 0
 0.01985507175123158
 0
 0.9801449282487684
 0
 0
 0
 0
 -0
 0
 0
 0
 -0
 0
 -0.0385274718797235
 0
 0.9217623846178133
 -0
 0
 0.05838254363095505
 0
 -0.03852747187972339
 0
 -0
 0
 0
 0
 0.9217623846178136
 0
 0
 0
 0
 -0.05838254363095488
 0
 0.01985507175123152
 0
 0
 0
 0
 0
 0.9801449282487684
 -0
 0
 0
 0
 -0.1723251315308363
 0
 -0
 0
 0
 0
 0.6243413458827899
 0
 0
 0
 0
 -0.2739918928240231
 0
 0.1016667612931869
 0
 0
 0
 0
 0
 0.898333238706813
 -0
 0
 0
 0
 -0.3056279695538162
 0
 -0
 0
 0
 0
 0.2199044403625127
 0
 0
 0
 0
 -0.5428617645956517
 0
 0.2372337950418356
 0
 0
 0
 0
 0
 0.7627662049581645
 -0
 0
 0
 0
 -0.3164811201971948
 0
 -0
 0
 -0
 0
 -0.133046477701545
 0
 0
 0
 0
 -0.7247637989493698
 0
 0.4082826787521751
 0
 0
 0
 0
 0
 0.5917173212478248
 -0
 0
 0
 0
 -0.1330464777015449
 0
 -0
 0
 -0
 0
 -0.3164811201971948
 0
 0
 0
 0
 -0.7247637989493698
 0
 0.5917173212478249
 0
 0
 0
 0
 0
 0.4082826787521751
 -0
 0
 0
 0
 0.2199044403625128
 0
 0
 0
 -0
 0
 -0.3056279695538162
 0
 0
 0
 0
 -0.5428617645956517
 0
 0.7627662049581645
 0
 0
 0
 0
 0
 0.2372337950418355
 -0
 0
 0
 0
 0.6243413458827897
 0
 0
 0
 -0
 0
 -0.1723251315308364
 0
 0
 0
 0
 -0.2739918928240234
 0
 0.898333238706813
 0
 0
 0
 0
 0
 0.101666761293187
 -0
 0
 0
 0
 0.9217623846178133
 0
 0
 0
 -0
 0
 -0.0385274718797235
 0
 0
 0
 0
 -0.05838254363095505
 0
 0.9801449282487684
 0
 0
 0
 0
 0
 0.01985507175123158
 -0
 0
 0
 0


