# Created by Octave 3.8.1, Mon Aug 17 16:45:50 2015 PDT <ataicher@ataicher-Inspiron-7548>
# name: basis
# type: matrix
# ndims: 3
 12 2 16
 0.6855820987673309
 0
 0.051152867389053
 0
 -0.008637414835068524
 0
 -0.1157639306026005
 0
 0
 0.01345819582449451
 0
 -0.180374993816148
 0
 0.6855820987673309
 0
 -0.1157639306026005
 0
 -0.008637414835068524
 0
 0.051152867389053
 -0.180374993816148
 0
 0.01345819582449451
 0
 0.4936054443978426
 0
 0.2431295217585414
 0
 -0.04105362309620506
 0
 -0.08334772234146397
 0
 0
 0.06396678977261777
 0
 -0.1298663998680248
 0
 0.006216990255993165
 0
 -0.3101585424787149
 0
 -0.02314164681592717
 0
 0.0004638640342209107
 -0.6172548540098741
 0
 0.04605481349233988
 0
 0.2431295217585414
 0
 0.4936054443978426
 0
 -0.08334772234146397
 0
 -0.04105362309620506
 0
 0
 0.1298663998680248
 0
 -0.06396678977261777
 0
 -0.3101585424787149
 0
 0.006216990255993165
 0
 0.0004638640342209107
 0
 -0.02314164681592717
 -0.6172548540098741
 0
 0.04605481349233988
 0
 0.05115286738905304
 0
 0.6855820987673309
 0
 -0.1157639306026005
 0
 -0.008637414835068531
 0
 0
 0.180374993816148
 0
 -0.01345819582449452
 0
 -0.1157639306026006
 0
 0.6855820987673308
 0
 0.05115286738905299
 0
 -0.008637414835068529
 -0.1803749938161482
 0
 0.01345819582449452
 0
 0.006216990255993165
 0
 0.0004638640342209107
 0
 -0.02314164681592717
 0
 -0.3101585424787149
 0
 0
 0.04605481349233988
 0
 -0.6172548540098741
 0
 0.4936054443978426
 0
 -0.08334772234146397
 0
 -0.04105362309620506
 0
 0.2431295217585414
 -0.1298663998680248
 0
 0.06396678977261777
 0
 0.004476109051919711
 0
 0.002204745238294365
 0
 -0.1099922215556098
 0
 -0.2233079677390324
 0
 0
 0.2188984772624437
 0
 -0.4444111902397704
 0
 0.004476109051919711
 0
 -0.2233079677390324
 0
 -0.1099922215556098
 0
 0.002204745238294365
 -0.4444111902397704
 0
 0.2188984772624437
 0
 0.002204745238294365
 0
 0.004476109051919711
 0
 -0.2233079677390324
 0
 -0.1099922215556098
 0
 0
 0.4444111902397704
 0
 -0.2188984772624437
 0
 -0.2233079677390324
 0
 0.004476109051919711
 0
 0.002204745238294365
 0
 -0.1099922215556098
 -0.4444111902397704
 0
 0.2188984772624437
 0
 0.0004638640342209112
 0
 0.006216990255993165
 0
 -0.3101585424787149
 0
 -0.02314164681592719
 0
 0
 0.6172548540098741
 0
 -0.04605481349233991
 0
 -0.08334772234146404
 0
 0.4936054443978425
 0
 0.2431295217585413
 0
 -0.04105362309620508
 -0.1298663998680249
 0
 0.06396678977261783
 0
 -0.3101585424787149
 0
 -0.02314164681592717
 0
 0.0004638640342209107
 0
 0.006216990255993165
 0
 0
 0.04605481349233988
 0
 -0.6172548540098741
 0
 0.2431295217585414
 0
 -0.04105362309620506
 0
 -0.08334772234146397
 0
 0.4936054443978426
 -0.06396678977261777
 0
 0.1298663998680248
 0
 -0.2233079677390324
 0
 -0.1099922215556098
 0
 0.002204745238294365
 0
 0.004476109051919711
 0
 0
 0.2188984772624437
 0
 -0.4444111902397704
 0
 0.002204745238294365
 0
 -0.1099922215556098
 0
 -0.2233079677390324
 0
 0.004476109051919711
 -0.2188984772624437
 0
 0.4444111902397704
 0
 -0.1099922215556098
 0
 -0.2233079677390324
 0
 0.004476109051919711
 0
 0.002204745238294365
 0
 0
 0.4444111902397704
 0
 -0.2188984772624437
 0
 -0.1099922215556098
 0
 0.002204745238294365
 0
 0.004476109051919711
 0
 -0.2233079677390324
 -0.2188984772624437
 0
 0.4444111902397704
 0
 -0.02314164681592719
 0
 -0.3101585424787149
 0
 0.006216990255993165
 0
 0.0004638640342209112
 0
 0
 0.6172548540098741
 0
 -0.04605481349233991
 0
 -0.04105362309620508
 0
 0.2431295217585413
 0
 0.4936054443978425
 0
 -0.08334772234146404
 -0.06396678977261783
 0
 0.1298663998680249
 0
 -0.1157639306026006
 0
 -0.008637414835068529
 0
 0.05115286738905299
 0
 0.6855820987673308
 0
 0
 0.01345819582449452
 0
 -0.1803749938161482
 0
 0.05115286738905304
 0
 -0.008637414835068531
 0
 -0.1157639306026005
 0
 0.6855820987673309
 -0.01345819582449452
 0
 0.180374993816148
 0
 -0.08334772234146404
 0
 -0.04105362309620508
 0
 0.2431295217585413
 0
 0.4936054443978425
 0
 0
 0.06396678977261783
 0
 -0.1298663998680249
 0
 0.0004638640342209112
 0
 -0.02314164681592719
 0
 -0.3101585424787149
 0
 0.006216990255993165
 -0.04605481349233991
 0
 0.6172548540098741
 0
 -0.04105362309620508
 0
 -0.08334772234146404
 0
 0.4936054443978425
 0
 0.2431295217585413
 0
 0
 0.1298663998680249
 0
 -0.06396678977261783
 0
 -0.02314164681592719
 0
 0.0004638640342209112
 0
 0.006216990255993165
 0
 -0.3101585424787149
 -0.04605481349233991
 0
 0.6172548540098741
 0
 -0.008637414835068536
 0
 -0.1157639306026006
 0
 0.6855820987673308
 0
 0.05115286738905302
 0
 0
 0.1803749938161482
 0
 -0.01345819582449453
 0
 -0.008637414835068536
 0
 0.05115286738905302
 0
 0.6855820987673308
 0
 -0.1157639306026006
 -0.01345819582449453
 0
 0.1803749938161482
 0


# name: basisDer
# type: matrix
# ndims: 4
 12 2 2 16
 -0.368367483078192
 0
 0.368367483078192
 0
 -0.06220067271883452
 0
 0.06220067271883452
 0
 0
 0.09691659482032126
 0
 0.09691659482032126
 -1.66730312195341
 0
 -0.124401345437669
 0
 -0.05496950123469554
 0
 -0.736734966156384
 0
 0
 0.08968542333618229
 0
 -1.202019044054897
 0
 -1.66730312195341
 0
 -0.736734966156384
 0
 -0.05496950123469554
 0
 -0.124401345437669
 -1.202019044054897
 0
 0.08968542333618229
 0
 0
 -0.8336515609767052
 0
 0.06220067271883452
 0
 -0.06220067271883452
 0
 0.736734966156384
 0.09691659482032126
 0
 0.09691659482032126
 0
 -0.368367483078192
 0
 0.368367483078192
 0
 -0.06220067271883452
 0
 0.06220067271883452
 0
 0
 0.09691659482032126
 0
 0.09691659482032126
 -1.200425011005174
 0
 -0.5912794563859056
 0
 -0.2612699781783338
 0
 -0.5304344892127458
 0
 0
 0.4262747172821197
 0
 -0.8654297501089598
 0
 -0.9398473770005754
 0
 -0.009279221203549012
 0
 -0.0006923441737353741
 0
 -0.07012418837670886
 -0.4745632991020622
 0
 0.03540826627522212
 0
 0
 -0.3383356880413211
 0
 0.1666500946473211
 0
 -0.1666500946473211
 0
 0.006680854290214076
 0.331654833751107
 0
 0.331654833751107
 0
 -0.368367483078192
 0
 0.368367483078192
 0
 -0.06220067271883452
 0
 0.06220067271883452
 0
 0
 0.09691659482032126
 0
 0.09691659482032126
 -0.5912794563859056
 0
 -1.200425011005174
 0
 -0.5304344892127458
 0
 -0.2612699781783338
 0
 0
 0.8654297501089598
 0
 -0.4262747172821197
 0
 0.009279221203549012
 0
 0.9398473770005754
 0
 0.07012418837670886
 0
 0.0006923441737353741
 0.4745632991020622
 0
 -0.03540826627522212
 0
 0
 0.001645355543535155
 0
 -0.003340427145107038
 0
 0.003340427145107038
 0
 -0.3333001892946422
 0.331654833751107
 0
 0.331654833751107
 0
 -0.368367483078192
 0
 0.368367483078192
 0
 -0.06220067271883452
 0
 0.06220067271883452
 0
 0
 0.09691659482032126
 0
 0.09691659482032126
 -0.1244013454376691
 0
 -1.66730312195341
 0
 -0.736734966156384
 0
 -0.05496950123469559
 0
 0
 1.202019044054897
 0
 -0.08968542333618236
 0
 0.7367349661563838
 0
 1.66730312195341
 0
 0.124401345437669
 0
 0.05496950123469553
 1.202019044054897
 0
 -0.08968542333618228
 0
 0
 0.02748475061734779
 0
 -0.3683674830781919
 0
 0.3683674830781919
 0
 -0.1244013454376691
 0.09691659482032135
 0
 0.09691659482032135
 0
 -0.003340427145107038
 0
 0.003340427145107038
 0
 -0.1666500946473211
 0
 0.1666500946473211
 0
 0
 0.331654833751107
 0
 0.331654833751107
 -0.9398473770005754
 0
 -0.07012418837670886
 0
 -0.0006923441737353741
 0
 -0.009279221203549012
 0
 0
 0.03540826627522212
 0
 -0.4745632991020622
 0
 -1.200425011005174
 0
 -0.5304344892127458
 0
 -0.2612699781783338
 0
 -0.5912794563859056
 -0.8654297501089598
 0
 0.4262747172821197
 0
 0
 -0.8336515609767052
 0
 0.06220067271883452
 0
 -0.06220067271883452
 0
 0.736734966156384
 0.09691659482032126
 0
 0.09691659482032126
 0
 -0.003340427145107038
 0
 0.003340427145107038
 0
 -0.1666500946473211
 0
 0.1666500946473211
 0
 0
 0.331654833751107
 0
 0.331654833751107
 -0.6766713760826422
 0
 -0.3333001892946422
 0
 -0.00329071108707031
 0
 -0.006680854290214076
 0
 0
 0.1682954501908562
 0
 -0.3416761151864281
 0
 -0.6766713760826422
 0
 -0.006680854290214076
 0
 -0.00329071108707031
 0
 -0.3333001892946422
 -0.3416761151864281
 0
 0.1682954501908562
 0
 0
 -0.3383356880413211
 0
 0.1666500946473211
 0
 -0.1666500946473211
 0
 0.006680854290214076
 0.331654833751107
 0
 0.331654833751107
 0
 -0.003340427145107038
 0
 0.003340427145107038
 0
 -0.1666500946473211
 0
 0.1666500946473211
 0
 0
 0.331654833751107
 0
 0.331654833751107
 -0.3333001892946422
 0
 -0.6766713760826422
 0
 -0.006680854290214076
 0
 -0.00329071108707031
 0
 0
 0.3416761151864281
 0
 -0.1682954501908562
 0
 0.006680854290214076
 0
 0.6766713760826422
 0
 0.3333001892946422
 0
 0.00329071108707031
 0.3416761151864281
 0
 -0.1682954501908562
 0
 0
 0.001645355543535155
 0
 -0.003340427145107038
 0
 0.003340427145107038
 0
 -0.3333001892946422
 0.331654833751107
 0
 0.331654833751107
 0
 -0.003340427145107038
 0
 0.003340427145107038
 0
 -0.1666500946473211
 0
 0.1666500946473211
 0
 0
 0.331654833751107
 0
 0.331654833751107
 -0.07012418837670892
 0
 -0.9398473770005754
 0
 -0.009279221203549012
 0
 -0.0006923441737353746
 0
 0
 0.4745632991020622
 0
 -0.03540826627522215
 0
 0.5304344892127456
 0
 1.200425011005174
 0
 0.5912794563859056
 0
 0.2612699781783337
 0.8654297501089597
 0
 -0.4262747172821196
 0
 0
 0.02748475061734779
 0
 -0.3683674830781919
 0
 0.3683674830781919
 0
 -0.1244013454376691
 0.09691659482032135
 0
 0.09691659482032135
 0
 0.1666500946473211
 0
 -0.1666500946473211
 0
 0.003340427145107038
 0
 -0.003340427145107038
 0
 0
 0.331654833751107
 0
 0.331654833751107
 0.009279221203549012
 0
 0.0006923441737353741
 0
 0.07012418837670886
 0
 0.9398473770005754
 0
 0
 -0.03540826627522212
 0
 0.4745632991020622
 0
 -0.5912794563859056
 0
 -0.2612699781783338
 0
 -0.5304344892127458
 0
 -1.200425011005174
 -0.4262747172821197
 0
 0.8654297501089598
 0
 0
 -0.8336515609767052
 0
 0.06220067271883452
 0
 -0.06220067271883452
 0
 0.736734966156384
 0.09691659482032126
 0
 0.09691659482032126
 0
 0.1666500946473211
 0
 -0.1666500946473211
 0
 0.003340427145107038
 0
 -0.003340427145107038
 0
 0
 0.331654833751107
 0
 0.331654833751107
 0.006680854290214076
 0
 0.00329071108707031
 0
 0.3333001892946422
 0
 0.6766713760826422
 0
 0
 -0.1682954501908562
 0
 0.3416761151864281
 0
 -0.3333001892946422
 0
 -0.00329071108707031
 0
 -0.006680854290214076
 0
 -0.6766713760826422
 -0.1682954501908562
 0
 0.3416761151864281
 0
 0
 -0.3383356880413211
 0
 0.1666500946473211
 0
 -0.1666500946473211
 0
 0.006680854290214076
 0.331654833751107
 0
 0.331654833751107
 0
 0.1666500946473211
 0
 -0.1666500946473211
 0
 0.003340427145107038
 0
 -0.003340427145107038
 0
 0
 0.331654833751107
 0
 0.331654833751107
 0.00329071108707031
 0
 0.006680854290214076
 0
 0.6766713760826422
 0
 0.3333001892946422
 0
 0
 -0.3416761151864281
 0
 0.1682954501908562
 0
 0.00329071108707031
 0
 0.3333001892946422
 0
 0.6766713760826422
 0
 0.006680854290214076
 0.1682954501908562
 0
 -0.3416761151864281
 0
 0
 0.001645355543535155
 0
 -0.003340427145107038
 0
 0.003340427145107038
 0
 -0.3333001892946422
 0.331654833751107
 0
 0.331654833751107
 0
 0.1666500946473211
 0
 -0.1666500946473211
 0
 0.003340427145107038
 0
 -0.003340427145107038
 0
 0
 0.331654833751107
 0
 0.331654833751107
 0.0006923441737353746
 0
 0.009279221203549012
 0
 0.9398473770005754
 0
 0.07012418837670892
 0
 0
 -0.4745632991020622
 0
 0.03540826627522215
 0
 0.2612699781783337
 0
 0.5912794563859056
 0
 1.200425011005174
 0
 0.5304344892127456
 0.4262747172821196
 0
 -0.8654297501089597
 0
 0
 0.02748475061734779
 0
 -0.3683674830781919
 0
 0.3683674830781919
 0
 -0.1244013454376691
 0.09691659482032135
 0
 0.09691659482032135
 0
 0.06220067271883456
 0
 -0.06220067271883456
 0
 0.3683674830781919
 0
 -0.3683674830781919
 0
 0
 0.09691659482032135
 0
 0.09691659482032135
 0.7367349661563838
 0
 0.05496950123469553
 0
 0.124401345437669
 0
 1.66730312195341
 0
 0
 -0.08968542333618228
 0
 1.202019044054897
 0
 -0.1244013454376691
 0
 -0.05496950123469559
 0
 -0.736734966156384
 0
 -1.66730312195341
 -0.08968542333618236
 0
 1.202019044054897
 0
 0
 -0.8336515609767052
 0
 0.06220067271883452
 0
 -0.06220067271883452
 0
 0.736734966156384
 0.09691659482032126
 0
 0.09691659482032126
 0
 0.06220067271883456
 0
 -0.06220067271883456
 0
 0.3683674830781919
 0
 -0.3683674830781919
 0
 0
 0.09691659482032135
 0
 0.09691659482032135
 0.5304344892127456
 0
 0.2612699781783337
 0
 0.5912794563859056
 0
 1.200425011005174
 0
 0
 -0.4262747172821196
 0
 0.8654297501089597
 0
 -0.07012418837670892
 0
 -0.0006923441737353746
 0
 -0.009279221203549012
 0
 -0.9398473770005754
 -0.03540826627522215
 0
 0.4745632991020622
 0
 0
 -0.3383356880413211
 0
 0.1666500946473211
 0
 -0.1666500946473211
 0
 0.006680854290214076
 0.331654833751107
 0
 0.331654833751107
 0
 0.06220067271883456
 0
 -0.06220067271883456
 0
 0.3683674830781919
 0
 -0.3683674830781919
 0
 0
 0.09691659482032135
 0
 0.09691659482032135
 0.2612699781783337
 0
 0.5304344892127456
 0
 1.200425011005174
 0
 0.5912794563859056
 0
 0
 -0.8654297501089597
 0
 0.4262747172821196
 0
 0.0006923441737353746
 0
 0.07012418837670892
 0
 0.9398473770005754
 0
 0.009279221203549012
 0.03540826627522215
 0
 -0.4745632991020622
 0
 0
 0.001645355543535155
 0
 -0.003340427145107038
 0
 0.003340427145107038
 0
 -0.3333001892946422
 0.331654833751107
 0
 0.331654833751107
 0
 0.06220067271883456
 0
 -0.06220067271883456
 0
 0.3683674830781919
 0
 -0.3683674830781919
 0
 0
 0.09691659482032135
 0
 0.09691659482032135
 0.05496950123469557
 0
 0.7367349661563838
 0
 1.66730312195341
 0
 0.1244013454376691
 0
 0
 -1.202019044054897
 0
 0.08968542333618235
 0
 0.05496950123469557
 0
 0.1244013454376691
 0
 1.66730312195341
 0
 0.7367349661563838
 0.08968542333618235
 0
 -1.202019044054897
 0
 0
 0.02748475061734779
 0
 -0.3683674830781919
 0
 0.3683674830781919
 0
 -0.1244013454376691
 0.09691659482032135
 0
 0.09691659482032135
 0


# name: edgeBasis
# type: matrix
# ndims: 4
 12 2 4 4
 0.9305681557970265
 0
 0.06943184420297349
 0
 0
 0
 0
 0
 0
 0
 0
 -0
 0
 0.736734966156384
 0
 -0.124401345437669
 0
 -0
 0
 0
 -0.1938331896406425
 0
 0
 0
 0.6699905217924281
 0
 0.3300094782075719
 0
 0
 0
 0
 0
 0
 0
 0
 -0
 0
 0.006680854290214076
 0
 -0.3333001892946422
 0
 -0
 0
 0
 -0.6633096675022141
 0
 0
 0
 0.3300094782075719
 0
 0.6699905217924281
 0
 0
 0
 0
 0
 0
 0
 0
 -0
 0
 -0.3333001892946422
 0
 0.006680854290214076
 0
 0
 0
 -0
 -0.6633096675022141
 0
 0
 0
 0.06943184420297355
 0
 0.9305681557970265
 0
 0
 0
 0
 0
 0
 0
 0
 -0
 0
 -0.1244013454376691
 0
 0.7367349661563838
 0
 0
 0
 -0
 -0.1938331896406427
 0
 0
 0
 0
 0
 0.736734966156384
 0
 -0.124401345437669
 0
 -0
 0
 0
 0.1938331896406425
 0
 -0
 0
 0
 0
 0.9305681557970265
 0
 0.06943184420297349
 0
 0
 -0
 0
 0
 0
 0
 0
 0.006680854290214076
 0
 -0.3333001892946422
 0
 -0
 0
 0
 0.6633096675022141
 0
 -0
 0
 0
 0
 0.6699905217924281
 0
 0.3300094782075719
 0
 0
 -0
 0
 0
 0
 -0
 0
 -0.3333001892946422
 0
 0.006680854290214076
 0
 0
 0
 0
 0.6633096675022141
 0
 -0
 0
 0
 0
 0.3300094782075719
 0
 0.6699905217924281
 0
 0
 -0
 0
 0
 0
 -0
 0
 -0.1244013454376691
 0
 0.7367349661563838
 0
 0
 0
 0
 0.1938331896406427
 0
 -0
 0
 0
 0
 0.06943184420297355
 0
 0.9305681557970265
 0
 0
 -0
 0
 0
 0
 0
 0
 0
 0
 0.9305681557970265
 0
 0.06943184420297349
 0
 0
 0
 0
 -0
 0
 -0
 0
 0
 0
 0.736734966156384
 0
 -0.124401345437669
 -0
 0
 0.1938331896406425
 0
 0
 0
 0
 0
 0.6699905217924281
 0
 0.3300094782075719
 0
 0
 0
 0
 -0
 0
 -0
 0
 0
 0
 0.006680854290214076
 0
 -0.3333001892946422
 -0
 0
 0.6633096675022141
 0
 0
 0
 0
 0
 0.3300094782075719
 0
 0.6699905217924281
 0
 0
 0
 0
 -0
 0
 0
 0
 -0
 0
 -0.3333001892946422
 0
 0.006680854290214076
 -0
 0
 0.6633096675022141
 0
 0
 0
 0
 0
 0.06943184420297355
 0
 0.9305681557970265
 0
 0
 0
 0
 -0
 0
 0
 0
 -0
 0
 -0.1244013454376691
 0
 0.7367349661563838
 -0
 0
 0.1938331896406427
 0
 -0.124401345437669
 0
 -0
 0
 0
 0
 0.736734966156384
 0
 0
 0
 0
 -0.1938331896406425
 0
 0.06943184420297349
 0
 0
 0
 0
 0
 0.9305681557970265
 -0
 0
 0
 0
 -0.3333001892946422
 0
 -0
 0
 0
 0
 0.006680854290214076
 0
 0
 0
 0
 -0.6633096675022141
 0
 0.3300094782075719
 0
 0
 0
 0
 0
 0.6699905217924281
 -0
 0
 0
 0
 0.006680854290214076
 0
 0
 0
 -0
 0
 -0.3333001892946422
 0
 0
 0
 0
 -0.6633096675022141
 0
 0.6699905217924281
 0
 0
 0
 0
 0
 0.3300094782075719
 -0
 0
 0
 0
 0.7367349661563838
 0
 0
 0
 -0
 0
 -0.1244013454376691
 0
 0
 0
 0
 -0.1938331896406427
 0
 0.9305681557970265
 0
 0
 0
 0
 0
 0.06943184420297355
 -0
 0
 0
 0


