# Created by Octave 3.8.1, Mon Aug 17 16:45:51 2015 PDT <ataicher@ataicher-Inspiron-7548>
# name: basis
# type: matrix
# ndims: 3
 12 2 81
 0.92216259255153
 0
 0.01491821422488077
 0
 -0.0004947808472003713
 0
 -0.03058465188401484
 0
 0
 0.0007482234342533072
 0
 -0.04625108954314895
 0
 0.92216259255153
 0
 -0.03058465188401484
 0
 -0.0004947808472003713
 0
 0.01491821422488077
 -0.04625108954314895
 0
 0.0007482234342533072
 0
 0.860254755660116
 0
 0.07682605111629486
 0
 -0.002548030084926817
 0
 -0.02853140264628841
 0
 0
 0.003853212652656734
 0
 -0.04314610032474553
 0
 0.6812063989908523
 0
 -0.1415151932250574
 0
 -0.002289351124908954
 0
 0.01102016398581823
 -0.222194456994009
 0
 0.003594533692638869
 0
 0.7559297018925414
 0
 0.1811511048838693
 0
 -0.00600809827467406
 0
 -0.02507133445654116
 0
 0
 0.009085638520254796
 0
 -0.03791367445714746
 0
 0.3334595854623793
 0
 -0.2701470474831854
 0
 -0.004370283027228732
 0
 0.00539451672779682
 -0.4603837908873095
 0
 0.007447823272809462
 0
 0.6204662331898325
 0
 0.3166145735865782
 0
 -0.01050091013533515
 0
 -0.02057852259588007
 0
 0
 0.01587981242342626
 0
 -0.031119500553976
 0
 -0.008874509660635398
 0
 -0.3279658573944394
 0
 -0.005305642365647731
 0
 -0.0001435666956429214
 -0.6604602434044439
 0
 0.01068454465373883
 0
 0.4685404033882054
 0
 0.4685404033882054
 0
 -0.01553971636560761
 0
 -0.01553971636560761
 0
 0
 0.02349965648870113
 0
 -0.02349965648870113
 0
 -0.2460200299384532
 0
 -0.2460200299384532
 0
 -0.003979970061546753
 0
 -0.003979970061546753
 -0.7380600898153598
 0
 0.01193991018464026
 0
 0.3166145735865782
 0
 0.6204662331898325
 0
 -0.02057852259588007
 0
 -0.01050091013533515
 0
 0
 0.031119500553976
 0
 -0.01587981242342626
 0
 -0.3279658573944394
 0
 -0.008874509660635398
 0
 -0.0001435666956429214
 0
 -0.005305642365647731
 -0.6604602434044439
 0
 0.01068454465373883
 0
 0.1811511048838691
 0
 0.7559297018925416
 0
 -0.02507133445654117
 0
 -0.006008098274674053
 0
 0
 0.03791367445714747
 0
 -0.009085638520254782
 0
 -0.2701470474831851
 0
 0.3334595854623801
 0
 0.005394516727796833
 0
 -0.004370283027228729
 -0.460383790887309
 0
 0.007447823272809454
 0
 0.07682605111629585
 0
 0.8602547556601149
 0
 -0.02853140264628837
 0
 -0.00254803008492685
 0
 0
 0.04314610032474547
 0
 -0.003853212652656784
 0
 -0.141515193225059
 0
 0.6812063989908487
 0
 0.01102016398581817
 0
 -0.002289351124908979
 -0.2221944569940117
 0
 0.003594533692638912
 0
 0.0149182142248803
 0
 0.9221625925515304
 0
 -0.03058465188401487
 0
 -0.0004947808472003558
 0
 0
 0.04625108954314897
 0
 -0.0007482234342532836
 0
 -0.03058465188401391
 0
 0.9221625925515318
 0
 0.0149182142248808
 0
 -0.0004947808472003561
 -0.04625108954314747
 0
 0.0007482234342532833
 0
 0.6812063989908523
 0
 0.01102016398581823
 0
 -0.002289351124908954
 0
 -0.1415151932250574
 0
 0
 0.003594533692638869
 0
 -0.222194456994009
 0
 0.860254755660116
 0
 -0.02853140264628841
 0
 -0.002548030084926817
 0
 0.07682605111629486
 -0.04314610032474553
 0
 0.003853212652656734
 0
 0.6354747514714842
 0
 0.05675181150518633
 0
 -0.01178973594923075
 0
 -0.1320148084007356
 0
 0
 0.01851118539036296
 0
 -0.207277805296285
 0
 0.6354747514714842
 0
 -0.1320148084007356
 0
 -0.01178973594923075
 0
 0.05675181150518633
 -0.207277805296285
 0
 0.01851118539036296
 0
 0.5584092808315382
 0
 0.1338172821451324
 0
 -0.02779947247658596
 0
 -0.1160050718733804
 0
 0
 0.04364823699057923
 0
 -0.1821407536960687
 0
 0.3110733362332013
 0
 -0.252011179158694
 0
 -0.0225061513517201
 0
 0.02778076595697489
 -0.4294766982944057
 0
 0.03835491586571336
 0
 0.4583416978964541
 0
 0.2338848650802164
 0
 -0.04858771427173247
 0
 -0.09521683007823391
 0
 0
 0.0762880687448058
 0
 -0.1495009219418421
 0
 -0.008278734359186924
 0
 -0.3059484203724609
 0
 -0.02732307938762623
 0
 -0.0007393419970913961
 -0.6161213541974833
 0
 0.05502343386069956
 0
 0.3461132814883353
 0
 0.3461132814883353
 0
 -0.07190227217498318
 0
 -0.07190227217498318
 0
 0
 0.112894495343324
 0
 -0.112894495343324
 0
 -0.2295038884158296
 0
 -0.2295038884158296
 0
 -0.02049611158417038
 0
 -0.02049611158417038
 -0.688511665247489
 0
 0.06148833475251113
 0
 0.2338848650802164
 0
 0.4583416978964541
 0
 -0.09521683007823391
 0
 -0.04858771427173247
 0
 0
 0.1495009219418421
 0
 -0.0762880687448058
 0
 -0.3059484203724609
 0
 -0.008278734359186924
 0
 -0.0007393419970913961
 0
 -0.02732307938762623
 -0.6161213541974833
 0
 0.05502343386069956
 0
 0.1338172821451322
 0
 0.5584092808315384
 0
 -0.1160050718733804
 0
 -0.02779947247658593
 0
 0
 0.1821407536960687
 0
 -0.04364823699057916
 0
 -0.2520111791586938
 0
 0.311073336233202
 0
 0.02778076595697495
 0
 -0.02250615135172009
 -0.4294766982944052
 0
 0.03835491586571332
 0
 0.05675181150518707
 0
 0.6354747514714836
 0
 -0.1320148084007355
 0
 -0.0117897359492309
 0
 0
 0.2072778052962847
 0
 -0.0185111853903632
 0
 -0.1320148084007371
 0
 0.6354747514714809
 0
 0.05675181150518602
 0
 -0.01178973594923088
 -0.2072778052962874
 0
 0.01851118539036318
 0
 0.01102016398581788
 0
 0.6812063989908527
 0
 -0.1415151932250575
 0
 -0.002289351124908882
 0
 0
 0.2221944569940091
 0
 -0.003594533692638756
 0
 -0.02853140264628753
 0
 0.8602547556601176
 0
 0.07682605111629501
 0
 -0.002548030084926739
 -0.04314610032474415
 0
 0.003853212652656611
 0
 0.3334595854623793
 0
 0.00539451672779682
 0
 -0.004370283027228732
 0
 -0.2701470474831854
 0
 0
 0.007447823272809462
 0
 -0.4603837908873095
 0
 0.7559297018925414
 0
 -0.02507133445654116
 0
 -0.00600809827467406
 0
 0.1811511048838693
 -0.03791367445714746
 0
 0.009085638520254796
 0
 0.3110733362332013
 0
 0.02778076595697489
 0
 -0.0225061513517201
 0
 -0.252011179158694
 0
 0
 0.03835491586571336
 0
 -0.4294766982944057
 0
 0.5584092808315382
 0
 -0.1160050718733804
 0
 -0.02779947247658596
 0
 0.1338172821451324
 -0.1821407536960687
 0
 0.04364823699057923
 0
 0.2733487641635184
 0
 0.0655053380266578
 0
 -0.05306812109704997
 0
 -0.2214492094133641
 0
 0
 0.09043853336004853
 0
 -0.3773930808000704
 0
 0.2733487641635184
 0
 -0.2214492094133641
 0
 -0.05306812109704997
 0
 0.0655053380266578
 -0.3773930808000704
 0
 0.09043853336004853
 0
 0.2243643524298824
 0
 0.1144897497602937
 0
 -0.09275207315436873
 0
 -0.1817652573560453
 0
 0
 0.1580678058460853
 0
 -0.3097638083140337
 0
 -0.007274753385566036
 0
 -0.2688453585231031
 0
 -0.06442614123698404
 0
 -0.001743322970712284
 -0.5414029141294822
 0
 0.1297418739287006
 0
 0.1694270510950881
 0
 0.1694270510950881
 0
 -0.1372586652552071
 0
 -0.1372586652552071
 0
 0
 0.2339158070800595
 0
 -0.2339158070800595
 0
 -0.2016714290875738
 0
 -0.2016714290875738
 0
 -0.04832857091242622
 0
 -0.04832857091242622
 -0.6050142872627213
 0
 0.1449857127372787
 0
 0.1144897497602937
 0
 0.2243643524298824
 0
 -0.1817652573560453
 0
 -0.09275207315436873
 0
 0
 0.3097638083140337
 0
 -0.1580678058460853
 0
 -0.2688453585231031
 0
 -0.007274753385566036
 0
 -0.001743322970712284
 0
 -0.06442614123698404
 -0.5414029141294822
 0
 0.1297418739287006
 0
 0.06550533802665769
 0
 0.2733487641635184
 0
 -0.2214492094133642
 0
 -0.0530681210970499
 0
 0
 0.3773930808000706
 0
 -0.0904385333600484
 0
 -0.2214492094133639
 0
 0.2733487641635191
 0
 0.06550533802665795
 0
 -0.05306812109704993
 -0.37739308080007
 0
 0.09043853336004844
 0
 0.02778076595697524
 0
 0.3110733362332009
 0
 -0.2520111791586937
 0
 -0.02250615135172039
 0
 0
 0.4294766982944051
 0
 -0.03835491586571385
 0
 -0.1160050718733817
 0
 0.5584092808315352
 0
 0.1338172821451317
 0
 -0.02779947247658627
 -0.1821407536960708
 0
 0.04364823699057974
 0
 0.005394516727796651
 0
 0.3334595854623795
 0
 -0.2701470474831855
 0
 -0.004370283027228595
 0
 0
 0.4603837908873097
 0
 -0.007447823272809228
 0
 -0.02507133445654039
 0
 0.7559297018925429
 0
 0.1811511048838697
 0
 -0.006008098274673876
 -0.03791367445714625
 0
 0.009085638520254506
 0
 -0.008874509660635398
 0
 -0.0001435666956429214
 0
 -0.005305642365647731
 0
 -0.3279658573944394
 0
 0
 0.01068454465373883
 0
 -0.6604602434044439
 0
 0.6204662331898325
 0
 -0.02057852259588007
 0
 -0.01050091013533515
 0
 0.3166145735865782
 -0.031119500553976
 0
 0.01587981242342626
 0
 -0.008278734359186924
 0
 -0.0007393419970913961
 0
 -0.02732307938762623
 0
 -0.3059484203724609
 0
 0
 0.05502343386069956
 0
 -0.6161213541974833
 0
 0.4583416978964541
 0
 -0.09521683007823391
 0
 -0.04858771427173247
 0
 0.2338848650802164
 -0.1495009219418421
 0
 0.0762880687448058
 0
 -0.007274753385566036
 0
 -0.001743322970712284
 0
 -0.06442614123698404
 0
 -0.2688453585231031
 0
 0
 0.1297418739287006
 0
 -0.5414029141294822
 0
 0.2243643524298824
 0
 -0.1817652573560453
 0
 -0.09275207315436873
 0
 0.1144897497602937
 -0.3097638083140337
 0
 0.1580678058460853
 0
 -0.005971109243659256
 0
 -0.003046967112619064
 0
 -0.1126035375199786
 0
 -0.2206679622401085
 0
 0
 0.2267618964653466
 0
 -0.4443828915928361
 0
 -0.005971109243659256
 0
 -0.2206679622401085
 0
 -0.1126035375199786
 0
 -0.003046967112619064
 -0.4443828915928361
 0
 0.2267618964653466
 0
 -0.00450903817813916
 0
 -0.00450903817813916
 0
 -0.1666357498800436
 0
 -0.1666357498800436
 0
 0
 0.3355723940290913
 0
 -0.3355723940290913
 0
 -0.1655316779254761
 0
 -0.1655316779254761
 0
 -0.0844683220745239
 0
 -0.0844683220745239
 -0.4965950337764283
 0
 0.2534049662235717
 0
 -0.003046967112619064
 0
 -0.005971109243659256
 0
 -0.2206679622401085
 0
 -0.1126035375199786
 0
 0
 0.4443828915928361
 0
 -0.2267618964653466
 0
 -0.2206679622401085
 0
 -0.005971109243659256
 0
 -0.003046967112619064
 0
 -0.1126035375199786
 -0.4443828915928361
 0
 0.2267618964653466
 0
 -0.001743322970712282
 0
 -0.007274753385566038
 0
 -0.2688453585231032
 0
 -0.06442614123698394
 0
 0
 0.5414029141294823
 0
 -0.1297418739287004
 0
 -0.1817652573560452
 0
 0.2243643524298829
 0
 0.114489749760294
 0
 -0.09275207315436865
 -0.3097638083140333
 0
 0.1580678058460851
 0
 -0.0007393419970914057
 0
 -0.008278734359186914
 0
 -0.3059484203724606
 0
 -0.02732307938762658
 0
 0
 0.6161213541974825
 0
 -0.05502343386070027
 0
 -0.09521683007823496
 0
 0.4583416978964517
 0
 0.2338848650802152
 0
 -0.048587714271733
 -0.1495009219418439
 0
 0.0762880687448067
 0
 -0.0001435666956429169
 0
 -0.008874509660635403
 0
 -0.3279658573944395
 0
 -0.005305642365647564
 0
 0
 0.6604602434044442
 0
 -0.0106845446537385
 0
 -0.02057852259587944
 0
 0.6204662331898337
 0
 0.3166145735865789
 0
 -0.01050091013533483
 -0.03111950055397501
 0
 0.01587981242342575
 0
 -0.2460200299384532
 0
 -0.003979970061546753
 0
 -0.003979970061546753
 0
 -0.2460200299384532
 0
 0
 0.01193991018464026
 0
 -0.7380600898153598
 0
 0.4685404033882054
 0
 -0.01553971636560761
 0
 -0.01553971636560761
 0
 0.4685404033882054
 -0.02349965648870113
 0
 0.02349965648870113
 0
 -0.2295038884158296
 0
 -0.02049611158417038
 0
 -0.02049611158417038
 0
 -0.2295038884158296
 0
 0
 0.06148833475251113
 0
 -0.688511665247489
 0
 0.3461132814883353
 0
 -0.07190227217498318
 0
 -0.07190227217498318
 0
 0.3461132814883353
 -0.112894495343324
 0
 0.112894495343324
 0
 -0.2016714290875738
 0
 -0.04832857091242622
 0
 -0.04832857091242622
 0
 -0.2016714290875738
 0
 0
 0.1449857127372787
 0
 -0.6050142872627213
 0
 0.1694270510950881
 0
 -0.1372586652552071
 0
 -0.1372586652552071
 0
 0.1694270510950881
 -0.2339158070800595
 0
 0.2339158070800595
 0
 -0.1655316779254761
 0
 -0.0844683220745239
 0
 -0.0844683220745239
 0
 -0.1655316779254761
 0
 0
 0.2534049662235717
 0
 -0.4965950337764283
 0
 -0.00450903817813916
 0
 -0.1666357498800436
 0
 -0.1666357498800436
 0
 -0.00450903817813916
 -0.3355723940290913
 0
 0.3355723940290913
 0
 -0.125
 0
 -0.125
 0
 -0.125
 0
 -0.125
 0
 0
 0.375
 0
 -0.375
 0
 -0.125
 0
 -0.125
 0
 -0.125
 0
 -0.125
 -0.375
 0
 0.375
 0
 -0.0844683220745239
 0
 -0.1655316779254761
 0
 -0.1655316779254761
 0
 -0.0844683220745239
 0
 0
 0.4965950337764283
 0
 -0.2534049662235717
 0
 -0.1666357498800436
 0
 -0.00450903817813916
 0
 -0.00450903817813916
 0
 -0.1666357498800436
 -0.3355723940290913
 0
 0.3355723940290913
 0
 -0.04832857091242615
 0
 -0.2016714290875739
 0
 -0.2016714290875739
 0
 -0.04832857091242615
 0
 0
 0.6050142872627216
 0
 -0.1449857127372784
 0
 -0.1372586652552069
 0
 0.1694270510950885
 0
 0.1694270510950885
 0
 -0.1372586652552069
 -0.2339158070800592
 0
 0.2339158070800592
 0
 -0.02049611158417064
 0
 -0.2295038884158294
 0
 -0.2295038884158294
 0
 -0.02049611158417064
 0
 0
 0.6885116652474881
 0
 -0.06148833475251192
 0
 -0.07190227217498399
 0
 0.3461132814883335
 0
 0.3461132814883335
 0
 -0.07190227217498399
 -0.1128944953433253
 0
 0.1128944953433253
 0
 -0.003979970061546628
 0
 -0.2460200299384534
 0
 -0.2460200299384534
 0
 -0.003979970061546628
 0
 0
 0.7380600898153601
 0
 -0.01193991018463988
 0
 -0.01553971636560713
 0
 0.4685404033882063
 0
 0.4685404033882063
 0
 -0.01553971636560713
 -0.02349965648870038
 0
 0.02349965648870038
 0
 -0.3279658573944394
 0
 -0.005305642365647731
 0
 -0.0001435666956429214
 0
 -0.008874509660635398
 0
 0
 0.01068454465373883
 0
 -0.6604602434044439
 0
 0.3166145735865782
 0
 -0.01050091013533515
 0
 -0.02057852259588007
 0
 0.6204662331898325
 -0.01587981242342626
 0
 0.031119500553976
 0
 -0.3059484203724609
 0
 -0.02732307938762623
 0
 -0.0007393419970913961
 0
 -0.008278734359186924
 0
 0
 0.05502343386069956
 0
 -0.6161213541974833
 0
 0.2338848650802164
 0
 -0.04858771427173247
 0
 -0.09521683007823391
 0
 0.4583416978964541
 -0.0762880687448058
 0
 0.1495009219418421
 0
 -0.2688453585231031
 0
 -0.06442614123698404
 0
 -0.001743322970712284
 0
 -0.007274753385566036
 0
 0
 0.1297418739287006
 0
 -0.5414029141294822
 0
 0.1144897497602937
 0
 -0.09275207315436873
 0
 -0.1817652573560453
 0
 0.2243643524298824
 -0.1580678058460853
 0
 0.3097638083140337
 0
 -0.2206679622401085
 0
 -0.1126035375199786
 0
 -0.003046967112619064
 0
 -0.005971109243659256
 0
 0
 0.2267618964653466
 0
 -0.4443828915928361
 0
 -0.003046967112619064
 0
 -0.1126035375199786
 0
 -0.2206679622401085
 0
 -0.005971109243659256
 -0.2267618964653466
 0
 0.4443828915928361
 0
 -0.1666357498800436
 0
 -0.1666357498800436
 0
 -0.00450903817813916
 0
 -0.00450903817813916
 0
 0
 0.3355723940290913
 0
 -0.3355723940290913
 0
 -0.0844683220745239
 0
 -0.0844683220745239
 0
 -0.1655316779254761
 0
 -0.1655316779254761
 -0.2534049662235717
 0
 0.4965950337764283
 0
 -0.1126035375199786
 0
 -0.2206679622401085
 0
 -0.005971109243659256
 0
 -0.003046967112619064
 0
 0
 0.4443828915928361
 0
 -0.2267618964653466
 0
 -0.1126035375199786
 0
 -0.003046967112619064
 0
 -0.005971109243659256
 0
 -0.2206679622401085
 -0.2267618964653466
 0
 0.4443828915928361
 0
 -0.06442614123698394
 0
 -0.2688453585231032
 0
 -0.007274753385566038
 0
 -0.001743322970712282
 0
 0
 0.5414029141294823
 0
 -0.1297418739287004
 0
 -0.09275207315436865
 0
 0.114489749760294
 0
 0.2243643524298829
 0
 -0.1817652573560452
 -0.1580678058460851
 0
 0.3097638083140333
 0
 -0.02732307938762658
 0
 -0.3059484203724606
 0
 -0.008278734359186914
 0
 -0.0007393419970914057
 0
 0
 0.6161213541974825
 0
 -0.05502343386070027
 0
 -0.048587714271733
 0
 0.2338848650802152
 0
 0.4583416978964517
 0
 -0.09521683007823496
 -0.0762880687448067
 0
 0.1495009219418439
 0
 -0.005305642365647564
 0
 -0.3279658573944395
 0
 -0.008874509660635403
 0
 -0.0001435666956429169
 0
 0
 0.6604602434044442
 0
 -0.0106845446537385
 0
 -0.01050091013533483
 0
 0.3166145735865789
 0
 0.6204662331898337
 0
 -0.02057852259587944
 -0.01587981242342575
 0
 0.03111950055397501
 0
 -0.2701470474831851
 0
 -0.004370283027228729
 0
 0.005394516727796833
 0
 0.3334595854623801
 0
 0
 0.007447823272809454
 0
 -0.460383790887309
 0
 0.1811511048838691
 0
 -0.006008098274674053
 0
 -0.02507133445654117
 0
 0.7559297018925416
 -0.009085638520254782
 0
 0.03791367445714747
 0
 -0.2520111791586938
 0
 -0.02250615135172009
 0
 0.02778076595697495
 0
 0.311073336233202
 0
 0
 0.03835491586571332
 0
 -0.4294766982944052
 0
 0.1338172821451322
 0
 -0.02779947247658593
 0
 -0.1160050718733804
 0
 0.5584092808315384
 -0.04364823699057916
 0
 0.1821407536960687
 0
 -0.2214492094133639
 0
 -0.05306812109704993
 0
 0.06550533802665795
 0
 0.2733487641635191
 0
 0
 0.09043853336004844
 0
 -0.37739308080007
 0
 0.06550533802665769
 0
 -0.0530681210970499
 0
 -0.2214492094133642
 0
 0.2733487641635184
 -0.0904385333600484
 0
 0.3773930808000706
 0
 -0.1817652573560452
 0
 -0.09275207315436865
 0
 0.114489749760294
 0
 0.2243643524298829
 0
 0
 0.1580678058460851
 0
 -0.3097638083140333
 0
 -0.001743322970712282
 0
 -0.06442614123698394
 0
 -0.2688453585231032
 0
 -0.007274753385566038
 -0.1297418739287004
 0
 0.5414029141294823
 0
 -0.1372586652552069
 0
 -0.1372586652552069
 0
 0.1694270510950885
 0
 0.1694270510950885
 0
 0
 0.2339158070800592
 0
 -0.2339158070800592
 0
 -0.04832857091242615
 0
 -0.04832857091242615
 0
 -0.2016714290875739
 0
 -0.2016714290875739
 -0.1449857127372784
 0
 0.6050142872627216
 0
 -0.09275207315436865
 0
 -0.1817652573560452
 0
 0.2243643524298829
 0
 0.114489749760294
 0
 0
 0.3097638083140333
 0
 -0.1580678058460851
 0
 -0.06442614123698394
 0
 -0.001743322970712282
 0
 -0.007274753385566038
 0
 -0.2688453585231032
 -0.1297418739287004
 0
 0.5414029141294823
 0
 -0.05306812109704985
 0
 -0.221449209413364
 0
 0.2733487641635191
 0
 0.06550533802665785
 0
 0
 0.3773930808000702
 0
 -0.0904385333600483
 0
 -0.05306812109704985
 0
 0.06550533802665785
 0
 0.2733487641635191
 0
 -0.221449209413364
 -0.0904385333600483
 0
 0.3773930808000702
 0
 -0.02250615135172037
 0
 -0.2520111791586935
 0
 0.3110733362332016
 0
 0.02778076595697531
 0
 0
 0.4294766982944047
 0
 -0.03835491586571381
 0
 -0.02779947247658623
 0
 0.1338172821451315
 0
 0.5584092808315354
 0
 -0.1160050718733817
 -0.04364823699057967
 0
 0.1821407536960709
 0
 -0.004370283027228592
 0
 -0.2701470474831852
 0
 0.3334595854623802
 0
 0.005394516727796663
 0
 0
 0.4603837908873092
 0
 -0.007447823272809221
 0
 -0.006008098274673868
 0
 0.1811511048838695
 0
 0.7559297018925432
 0
 -0.0250713344565404
 -0.009085638520254492
 0
 0.03791367445714627
 0
 -0.141515193225059
 0
 -0.002289351124908979
 0
 0.01102016398581817
 0
 0.6812063989908487
 0
 0
 0.003594533692638912
 0
 -0.2221944569940117
 0
 0.07682605111629585
 0
 -0.00254803008492685
 0
 -0.02853140264628837
 0
 0.8602547556601149
 -0.003853212652656784
 0
 0.04314610032474547
 0
 -0.1320148084007371
 0
 -0.01178973594923088
 0
 0.05675181150518602
 0
 0.6354747514714809
 0
 0
 0.01851118539036318
 0
 -0.2072778052962874
 0
 0.05675181150518707
 0
 -0.0117897359492309
 0
 -0.1320148084007355
 0
 0.6354747514714836
 -0.0185111853903632
 0
 0.2072778052962847
 0
 -0.1160050718733817
 0
 -0.02779947247658627
 0
 0.1338172821451317
 0
 0.5584092808315352
 0
 0
 0.04364823699057974
 0
 -0.1821407536960708
 0
 0.02778076595697524
 0
 -0.02250615135172039
 0
 -0.2520111791586937
 0
 0.3110733362332009
 -0.03835491586571385
 0
 0.4294766982944051
 0
 -0.09521683007823496
 0
 -0.048587714271733
 0
 0.2338848650802152
 0
 0.4583416978964517
 0
 0
 0.0762880687448067
 0
 -0.1495009219418439
 0
 -0.0007393419970914057
 0
 -0.02732307938762658
 0
 -0.3059484203724606
 0
 -0.008278734359186914
 -0.05502343386070027
 0
 0.6161213541974825
 0
 -0.07190227217498399
 0
 -0.07190227217498399
 0
 0.3461132814883335
 0
 0.3461132814883335
 0
 0
 0.1128944953433253
 0
 -0.1128944953433253
 0
 -0.02049611158417064
 0
 -0.02049611158417064
 0
 -0.2295038884158294
 0
 -0.2295038884158294
 -0.06148833475251192
 0
 0.6885116652474881
 0
 -0.048587714271733
 0
 -0.09521683007823496
 0
 0.4583416978964517
 0
 0.2338848650802152
 0
 0
 0.1495009219418439
 0
 -0.0762880687448067
 0
 -0.02732307938762658
 0
 -0.0007393419970914057
 0
 -0.008278734359186914
 0
 -0.3059484203724606
 -0.05502343386070027
 0
 0.6161213541974825
 0
 -0.02779947247658623
 0
 -0.1160050718733817
 0
 0.5584092808315354
 0
 0.1338172821451315
 0
 0
 0.1821407536960709
 0
 -0.04364823699057967
 0
 -0.02250615135172037
 0
 0.02778076595697531
 0
 0.3110733362332016
 0
 -0.2520111791586935
 -0.03835491586571381
 0
 0.4294766982944047
 0
 -0.01178973594923104
 0
 -0.1320148084007369
 0
 0.6354747514714801
 0
 0.05675181150518676
 0
 0
 0.2072778052962871
 0
 -0.01851118539036342
 0
 -0.01178973594923104
 0
 0.05675181150518676
 0
 0.6354747514714801
 0
 -0.1320148084007369
 -0.01851118539036342
 0
 0.2072778052962871
 0
 -0.002289351124908907
 0
 -0.1415151932250591
 0
 0.6812063989908491
 0
 0.01102016398581782
 0
 0
 0.2221944569940117
 0
 -0.003594533692638799
 0
 -0.002548030084926772
 0
 0.07682605111629599
 0
 0.8602547556601167
 0
 -0.02853140264628749
 -0.003853212652656661
 0
 0.0431461003247441
 0
 -0.03058465188401391
 0
 -0.0004947808472003561
 0
 0.0149182142248808
 0
 0.9221625925515318
 0
 0
 0.0007482234342532833
 0
 -0.04625108954314747
 0
 0.0149182142248803
 0
 -0.0004947808472003558
 0
 -0.03058465188401487
 0
 0.9221625925515304
 -0.0007482234342532836
 0
 0.04625108954314897
 0
 -0.02853140264628753
 0
 -0.002548030084926739
 0
 0.07682605111629501
 0
 0.8602547556601176
 0
 0
 0.003853212652656611
 0
 -0.04314610032474415
 0
 0.01102016398581788
 0
 -0.002289351124908882
 0
 -0.1415151932250575
 0
 0.6812063989908527
 -0.003594533692638756
 0
 0.2221944569940091
 0
 -0.02507133445654039
 0
 -0.006008098274673876
 0
 0.1811511048838697
 0
 0.7559297018925429
 0
 0
 0.009085638520254506
 0
 -0.03791367445714625
 0
 0.005394516727796651
 0
 -0.004370283027228595
 0
 -0.2701470474831855
 0
 0.3334595854623795
 -0.007447823272809228
 0
 0.4603837908873097
 0
 -0.02057852259587944
 0
 -0.01050091013533483
 0
 0.3166145735865789
 0
 0.6204662331898337
 0
 0
 0.01587981242342575
 0
 -0.03111950055397501
 0
 -0.0001435666956429169
 0
 -0.005305642365647564
 0
 -0.3279658573944395
 0
 -0.008874509660635403
 -0.0106845446537385
 0
 0.6604602434044442
 0
 -0.01553971636560713
 0
 -0.01553971636560713
 0
 0.4685404033882063
 0
 0.4685404033882063
 0
 0
 0.02349965648870038
 0
 -0.02349965648870038
 0
 -0.003979970061546628
 0
 -0.003979970061546628
 0
 -0.2460200299384534
 0
 -0.2460200299384534
 -0.01193991018463988
 0
 0.7380600898153601
 0
 -0.01050091013533483
 0
 -0.02057852259587944
 0
 0.6204662331898337
 0
 0.3166145735865789
 0
 0
 0.03111950055397501
 0
 -0.01587981242342575
 0
 -0.005305642365647564
 0
 -0.0001435666956429169
 0
 -0.008874509660635403
 0
 -0.3279658573944395
 -0.0106845446537385
 0
 0.6604602434044442
 0
 -0.006008098274673868
 0
 -0.0250713344565404
 0
 0.7559297018925432
 0
 0.1811511048838695
 0
 0
 0.03791367445714627
 0
 -0.009085638520254492
 0
 -0.004370283027228592
 0
 0.005394516727796663
 0
 0.3334595854623802
 0
 -0.2701470474831852
 -0.007447823272809221
 0
 0.4603837908873092
 0
 -0.002548030084926772
 0
 -0.02853140264628749
 0
 0.8602547556601167
 0
 0.07682605111629599
 0
 0
 0.0431461003247441
 0
 -0.003853212652656661
 0
 -0.002289351124908907
 0
 0.01102016398581782
 0
 0.6812063989908491
 0
 -0.1415151932250591
 -0.003594533692638799
 0
 0.2221944569940117
 0
 -0.0004947808472003406
 0
 -0.03058465188401393
 0
 0.9221625925515323
 0
 0.01491821422488033
 0
 0
 0.04625108954314749
 0
 -0.0007482234342532598
 0
 -0.0004947808472003406
 0
 0.01491821422488033
 0
 0.9221625925515323
 0
 -0.03058465188401393
 -0.0007482234342532598
 0
 0.04625108954314749
 0


# name: basisDer
# type: matrix
# ndims: 4
 12 2 2 81
 -0.4685404033882054
 0
 0.4685404033882054
 0
 -0.01553971636560761
 0
 0.01553971636560761
 0
 0
 0.02349965648870113
 0
 0.02349965648870113
 -1.921160926530224
 0
 -0.03107943273121522
 0
 -0.01515955248502821
 0
 -0.9370808067764108
 0
 0
 0.02311949260812171
 0
 -1.429120866653317
 0
 -1.921160926530224
 0
 -0.9370808067764108
 0
 -0.01515955248502821
 0
 -0.03107943273121522
 -1.429120866653317
 0
 0.02311949260812171
 0
 0
 -0.9605804632651118
 0
 0.01553971636560761
 0
 -0.01553971636560761
 0
 0.9370808067764108
 0.02349965648870113
 0
 0.02349965648870113
 0
 -0.4685404033882054
 0
 0.4685404033882054
 0
 -0.01553971636560761
 0
 0.01553971636560761
 0
 0
 0.02349965648870113
 0
 0.02349965648870113
 -1.792187014291266
 0
 -0.1600533449701733
 0
 -0.07806889863349177
 0
 -0.8741714606279473
 0
 0
 0.1190611218018325
 0
 -1.333179237459607
 0
 -1.726122448200771
 0
 -0.7420423284469582
 0
 -0.01200433254299727
 0
 -0.02792421278918428
 -1.234082388323865
 0
 0.01996427266609077
 0
 0
 -0.8051210583199946
 0
 0.07190227217498318
 0
 -0.07190227217498318
 0
 0.6922265629766706
 0.112894495343324
 0
 0.112894495343324
 0
 -0.4685404033882054
 0
 0.4685404033882054
 0
 -0.01553971636560761
 0
 0.01553971636560761
 0
 0
 0.02349965648870113
 0
 0.02349965648870113
 -1.574844412698772
 0
 -0.3773959465626676
 0
 -0.1840816629129627
 0
 -0.7681586963484763
 0
 0
 0.2807388047378152
 0
 -1.171501554523624
 0
 -1.397450009295253
 0
 -0.4133698895414405
 0
 -0.006687259509444822
 0
 -0.02260713975563184
 -0.9054099494183471
 0
 0.01464719963253833
 0
 0
 -0.5727699092702356
 0
 0.1372586652552071
 0
 -0.1372586652552071
 0
 0.3388541021901761
 0.2339158070800595
 0
 0.2339158070800595
 0
 -0.4685404033882054
 0
 0.4685404033882054
 0
 -0.01553971636560761
 0
 0.01553971636560761
 0
 0
 0.02349965648870113
 0
 0.02349965648870113
 -1.292630489529521
 0
 -0.6596098697319179
 0
 -0.3217365814338223
 0
 -0.6305037778276167
 0
 0
 0.49067322558287
 0
 -0.9615671336785689
 0
 -0.9706770814776124
 0
 0.0134030382762005
 0
 0.0002168266180862923
 0
 -0.01570305362810072
 -0.478637021600706
 0
 0.007743113505007214
 0
 0
 -0.3265543176728131
 0
 0.1666357498800436
 0
 -0.1666357498800436
 0
 -0.009018076356278319
 0.3355723940290913
 0
 0.3355723940290913
 0
 -0.4685404033882054
 0
 0.4685404033882054
 0
 -0.01553971636560761
 0
 0.01553971636560761
 0
 0
 0.02349965648870113
 0
 0.02349965648870113
 -0.9761201796307195
 0
 -0.9761201796307195
 0
 -0.4761201796307195
 0
 -0.4761201796307195
 0
 0
 0.7261201796307195
 0
 -0.7261201796307195
 0
 -0.4920400598769065
 0
 0.4920400598769065
 0
 0.007959940123093506
 0
 -0.007959940123093506
 0
 0
 -0
 0
 0
 -0.125
 0
 0.125
 0
 -0.125
 0
 -0.25
 0.375
 0
 0.375
 0
 -0.4685404033882054
 0
 0.4685404033882054
 0
 -0.01553971636560761
 0
 0.01553971636560761
 0
 0
 0.02349965648870113
 0
 0.02349965648870113
 -0.6596098697319179
 0
 -1.292630489529521
 0
 -0.6305037778276167
 0
 -0.3217365814338223
 0
 0
 0.9615671336785689
 0
 -0.49067322558287
 0
 -0.0134030382762005
 0
 0.9706770814776124
 0
 0.01570305362810072
 0
 -0.0002168266180862923
 0.478637021600706
 0
 -0.007743113505007214
 0
 0
 -0.002300894269004236
 0
 0.00450903817813916
 0
 -0.00450903817813916
 0
 -0.3332714997600871
 0.3355723940290913
 0
 0.3355723940290913
 0
 -0.4685404033882054
 0
 0.4685404033882054
 0
 -0.01553971636560761
 0
 0.01553971636560761
 0
 0
 0.02349965648870113
 0
 0.02349965648870113
 -0.377395946562667
 0
 -1.574844412698772
 0
 -0.7681586963484766
 0
 -0.1840816629129624
 0
 0
 1.171501554523624
 0
 -0.2807388047378147
 0
 0.4133698895414413
 0
 1.397450009295254
 0
 0.02260713975563185
 0
 0.006687259509444837
 0.9054099494183478
 0
 -0.01464719963253834
 0
 0
 0.04060152343035463
 0
 -0.1694270510950885
 0
 0.1694270510950885
 0
 -0.2745173305104139
 0.2339158070800592
 0
 0.2339158070800592
 0
 -0.4685404033882054
 0
 0.4685404033882054
 0
 -0.01553971636560761
 0
 0.01553971636560761
 0
 0
 0.02349965648870113
 0
 0.02349965648870113
 -0.1600533449701753
 0
 -1.792187014291264
 0
 -0.8741714606279463
 0
 -0.07806889863349277
 0
 0
 1.333179237459605
 0
 -0.119061121801834
 0
 0.7420423284469551
 0
 1.726122448200768
 0
 0.02792421278918423
 0
 0.01200433254299722
 1.234082388323862
 0
 -0.01996427266609072
 0
 0
 0.03091004900664271
 0
 -0.3461132814883335
 0
 0.3461132814883335
 0
 -0.143804544349968
 0.1128944953433253
 0
 0.1128944953433253
 0
 -0.4685404033882054
 0
 0.4685404033882054
 0
 -0.01553971636560761
 0
 0.01553971636560761
 0
 0
 0.02349965648870113
 0
 0.02349965648870113
 -0.03107943273121425
 0
 -1.921160926530225
 0
 -0.9370808067764113
 0
 -0.01515955248502773
 0
 0
 1.429120866653318
 0
 -0.02311949260812099
 0
 0.937080806776412
 0
 1.921160926530225
 0
 0.03107943273121524
 0
 0.01515955248502823
 1.429120866653319
 0
 -0.02311949260812174
 0
 0
 0.007579776242513876
 0
 -0.4685404033882063
 0
 0.4685404033882063
 0
 -0.03107943273121427
 0.02349965648870038
 0
 0.02349965648870038
 0
 -0.3461132814883353
 0
 0.3461132814883353
 0
 -0.07190227217498318
 0
 0.07190227217498318
 0
 0
 0.112894495343324
 0
 0.112894495343324
 -1.726122448200771
 0
 -0.02792421278918428
 0
 -0.01200433254299727
 0
 -0.7420423284469582
 0
 0
 0.01996427266609077
 0
 -1.234082388323865
 0
 -1.792187014291266
 0
 -0.8741714606279473
 0
 -0.07806889863349177
 0
 -0.1600533449701733
 -1.333179237459607
 0
 0.1190611218018325
 0
 0
 -0.9605804632651118
 0
 0.01553971636560761
 0
 -0.01553971636560761
 0
 0.9370808067764108
 0.02349965648870113
 0
 0.02349965648870113
 0
 -0.3461132814883353
 0
 0.3461132814883353
 0
 -0.07190227217498318
 0
 0.07190227217498318
 0
 0
 0.112894495343324
 0
 0.112894495343324
 -1.610242116639989
 0
 -0.1438045443499664
 0
 -0.06182009801328487
 0
 -0.6922265629766706
 0
 0
 0.1028123211816256
 0
 -1.15123433980833
 0
 -1.610242116639989
 0
 -0.6922265629766706
 0
 -0.06182009801328487
 0
 -0.1438045443499664
 -1.15123433980833
 0
 0.1028123211816256
 0
 0
 -0.8051210583199946
 0
 0.07190227217498318
 0
 -0.07190227217498318
 0
 0.6922265629766706
 0.112894495343324
 0
 0.112894495343324
 0
 -0.3461132814883353
 0
 0.3461132814883353
 0
 -0.07190227217498318
 0
 0.07190227217498318
 0
 0
 0.112894495343324
 0
 0.112894495343324
 -1.414964387232525
 0
 -0.33908227375743
 0
 -0.1457679901077251
 0
 -0.6082786708822304
 0
 0
 0.2424251319325776
 0
 -1.011621529057378
 0
 -1.303634549919502
 0
 -0.3856189962561836
 0
 -0.03443815279470173
 0
 -0.1164225991313832
 -0.844626773087843
 0
 0.07543037596304249
 0
 0
 -0.5727699092702356
 0
 0.1372586652552071
 0
 -0.1372586652552071
 0
 0.3388541021901761
 0.2339158070800595
 0
 0.2339158070800595
 0
 -0.3461132814883353
 0
 0.3461132814883353
 0
 -0.07190227217498318
 0
 0.07190227217498318
 0
 0
 0.112894495343324
 0
 0.112894495343324
 -1.161401147812984
 0
 -0.5926455131769711
 0
 -0.2547722248788756
 0
 -0.4992744361110799
 0
 0
 0.4237088690279233
 0
 -0.8303377919620322
 0
 -0.9055123058515703
 0
 0.01250324781174829
 0
 0.001116617082538508
 0
 -0.080867829254143
 -0.446504529019911
 0
 0.03987560608580224
 0
 0
 -0.3265543176728131
 0
 0.1666357498800436
 0
 -0.1666357498800436
 0
 -0.009018076356278319
 0.3355723940290913
 0
 0.3355723940290913
 0
 -0.3461132814883353
 0
 0.3461132814883353
 0
 -0.07190227217498318
 0
 0.07190227217498318
 0
 0
 0.112894495343324
 0
 0.112894495343324
 -0.8770233304949777
 0
 -0.8770233304949777
 0
 -0.3770233304949777
 0
 -0.3770233304949777
 0
 0
 0.6270233304949777
 0
 -0.6270233304949777
 0
 -0.4590077768316593
 0
 0.4590077768316593
 0
 0.04099222316834075
 0
 -0.04099222316834075
 0
 0
 -0
 0
 0
 -0.125
 0
 0.125
 0
 -0.125
 0
 -0.25
 0.375
 0
 0.375
 0
 -0.3461132814883353
 0
 0.3461132814883353
 0
 -0.07190227217498318
 0
 0.07190227217498318
 0
 0
 0.112894495343324
 0
 0.112894495343324
 -0.5926455131769711
 0
 -1.161401147812984
 0
 -0.4992744361110799
 0
 -0.2547722248788756
 0
 0
 0.8303377919620322
 0
 -0.4237088690279233
 0
 -0.01250324781174829
 0
 0.9055123058515703
 0
 0.080867829254143
 0
 -0.001116617082538508
 0.446504529019911
 0
 -0.03987560608580224
 0
 0
 -0.002300894269004236
 0
 0.00450903817813916
 0
 -0.00450903817813916
 0
 -0.3332714997600871
 0.3355723940290913
 0
 0.3355723940290913
 0
 -0.3461132814883353
 0
 0.3461132814883353
 0
 -0.07190227217498318
 0
 0.07190227217498318
 0
 0
 0.112894495343324
 0
 0.112894495343324
 -0.3390822737574295
 0
 -1.414964387232526
 0
 -0.6082786708822305
 0
 -0.1457679901077249
 0
 0
 1.011621529057378
 0
 -0.2424251319325772
 0
 0.3856189962561844
 0
 1.303634549919503
 0
 0.1164225991313833
 0
 0.0344381527947018
 0.8446267730878437
 0
 -0.07543037596304256
 0
 0
 0.04060152343035463
 0
 -0.1694270510950885
 0
 0.1694270510950885
 0
 -0.2745173305104139
 0.2339158070800592
 0
 0.2339158070800592
 0
 -0.3461132814883353
 0
 0.3461132814883353
 0
 -0.07190227217498318
 0
 0.07190227217498318
 0
 0
 0.112894495343324
 0
 0.112894495343324
 -0.1438045443499682
 0
 -1.610242116639987
 0
 -0.6922265629766697
 0
 -0.06182009801328567
 0
 0
 1.151234339808328
 0
 -0.1028123211816269
 0
 0.6922265629766677
 0
 1.610242116639986
 0
 0.1438045443499661
 0
 0.06182009801328462
 1.151234339808327
 0
 -0.1028123211816254
 0
 0
 0.03091004900664271
 0
 -0.3461132814883335
 0
 0.3461132814883335
 0
 -0.143804544349968
 0.1128944953433253
 0
 0.1128944953433253
 0
 -0.3461132814883353
 0
 0.3461132814883353
 0
 -0.07190227217498318
 0
 0.07190227217498318
 0
 0
 0.112894495343324
 0
 0.112894495343324
 -0.0279242127891834
 0
 -1.726122448200772
 0
 -0.7420423284469585
 0
 -0.01200433254299689
 0
 0
 1.234082388323865
 0
 -0.01996427266609015
 0
 0.8741714606279485
 0
 1.792187014291267
 0
 0.1600533449701734
 0
 0.07806889863349187
 1.333179237459608
 0
 -0.1190611218018326
 0
 0
 0.007579776242513876
 0
 -0.4685404033882063
 0
 0.4685404033882063
 0
 -0.03107943273121427
 0.02349965648870038
 0
 0.02349965648870038
 0
 -0.1694270510950881
 0
 0.1694270510950881
 0
 -0.1372586652552071
 0
 0.1372586652552071
 0
 0
 0.2339158070800595
 0
 0.2339158070800595
 -1.397450009295253
 0
 -0.02260713975563184
 0
 -0.006687259509444822
 0
 -0.4133698895414405
 0
 0
 0.01464719963253833
 0
 -0.9054099494183471
 0
 -1.574844412698772
 0
 -0.7681586963484763
 0
 -0.1840816629129627
 0
 -0.3773959465626676
 -1.171501554523624
 0
 0.2807388047378152
 0
 0
 -0.9605804632651118
 0
 0.01553971636560761
 0
 -0.01553971636560761
 0
 0.9370808067764108
 0.02349965648870113
 0
 0.02349965648870113
 0
 -0.1694270510950881
 0
 0.1694270510950881
 0
 -0.1372586652552071
 0
 0.1372586652552071
 0
 0
 0.2339158070800595
 0
 0.2339158070800595
 -1.303634549919502
 0
 -0.1164225991313832
 0
 -0.03443815279470173
 0
 -0.3856189962561836
 0
 0
 0.07543037596304249
 0
 -0.844626773087843
 0
 -1.414964387232525
 0
 -0.6082786708822304
 0
 -0.1457679901077251
 0
 -0.33908227375743
 -1.011621529057378
 0
 0.2424251319325776
 0
 0
 -0.8051210583199946
 0
 0.07190227217498318
 0
 -0.07190227217498318
 0
 0.6922265629766706
 0.112894495343324
 0
 0.112894495343324
 0
 -0.1694270510950881
 0
 0.1694270510950881
 0
 -0.1372586652552071
 0
 0.1372586652552071
 0
 0
 0.2339158070800595
 0
 0.2339158070800595
 -1.145539818540471
 0
 -0.2745173305104141
 0
 -0.0812030468607092
 0
 -0.3388541021901761
 0
 0
 0.1778601886855617
 0
 -0.7421969603653237
 0
 -1.145539818540471
 0
 -0.3388541021901761
 0
 -0.0812030468607092
 0
 -0.2745173305104141
 -0.7421969603653237
 0
 0.1778601886855617
 0
 0
 -0.5727699092702356
 0
 0.1372586652552071
 0
 -0.1372586652552071
 0
 0.3388541021901761
 0.2339158070800595
 0
 0.2339158070800595
 0
 -0.1694270510950881
 0
 0.1694270510950881
 0
 -0.1372586652552071
 0
 0.1372586652552071
 0
 0
 0.2339158070800595
 0
 0.2339158070800595
 -0.9402577705298438
 0
 -0.4797993785210415
 0
 -0.1419260902229459
 0
 -0.2781310588279394
 0
 0
 0.3108627343719937
 0
 -0.6091944146788917
 0
 -0.7956987658814532
 0
 0.01098695046884198
 0
 0.002632914425444815
 0
 -0.1906813692242601
 -0.3923559077063056
 0
 0.09402422739940763
 0
 0
 -0.3265543176728131
 0
 0.1666357498800436
 0
 -0.1666357498800436
 0
 -0.009018076356278319
 0.3355723940290913
 0
 0.3355723940290913
 0
 -0.1694270510950881
 0
 0.1694270510950881
 0
 -0.1372586652552071
 0
 0.1372586652552071
 0
 0
 0.2339158070800595
 0
 0.2339158070800595
 -0.7100285745254427
 0
 -0.7100285745254427
 0
 -0.2100285745254427
 0
 -0.2100285745254427
 0
 0
 0.4600285745254427
 0
 -0.4600285745254427
 0
 -0.4033428581751476
 0
 0.4033428581751476
 0
 0.09665714182485244
 0
 -0.09665714182485244
 0
 0
 -0
 0
 0
 -0.125
 0
 0.125
 0
 -0.125
 0
 -0.25
 0.375
 0
 0.375
 0
 -0.1694270510950881
 0
 0.1694270510950881
 0
 -0.1372586652552071
 0
 0.1372586652552071
 0
 0
 0.2339158070800595
 0
 0.2339158070800595
 -0.4797993785210415
 0
 -0.9402577705298438
 0
 -0.2781310588279394
 0
 -0.1419260902229459
 0
 0
 0.6091944146788917
 0
 -0.3108627343719937
 0
 -0.01098695046884198
 0
 0.7956987658814532
 0
 0.1906813692242601
 0
 -0.002632914425444815
 0.3923559077063056
 0
 -0.09402422739940763
 0
 0
 -0.002300894269004236
 0
 0.00450903817813916
 0
 -0.00450903817813916
 0
 -0.3332714997600871
 0.3355723940290913
 0
 0.3355723940290913
 0
 -0.1694270510950881
 0
 0.1694270510950881
 0
 -0.1372586652552071
 0
 0.1372586652552071
 0
 0
 0.2339158070800595
 0
 0.2339158070800595
 -0.2745173305104137
 0
 -1.145539818540472
 0
 -0.3388541021901763
 0
 -0.08120304686070909
 0
 0
 0.742196960365324
 0
 -0.1778601886855614
 0
 0.3388541021901769
 0
 1.145539818540472
 0
 0.2745173305104143
 0
 0.08120304686070938
 0.7421969603653243
 0
 -0.1778601886855618
 0
 0
 0.04060152343035463
 0
 -0.1694270510950885
 0
 0.1694270510950885
 0
 -0.2745173305104139
 0.2339158070800592
 0
 0.2339158070800592
 0
 -0.1694270510950881
 0
 0.1694270510950881
 0
 -0.1372586652552071
 0
 0.1372586652552071
 0
 0
 0.2339158070800595
 0
 0.2339158070800595
 -0.1164225991313847
 0
 -1.303634549919501
 0
 -0.3856189962561831
 0
 -0.03443815279470217
 0
 0
 0.844626773087842
 0
 -0.07543037596304346
 0
 0.6082786708822279
 0
 1.414964387232523
 0
 0.3390822737574294
 0
 0.1457679901077245
 1.011621529057375
 0
 -0.2424251319325769
 0
 0
 0.03091004900664271
 0
 -0.3461132814883335
 0
 0.3461132814883335
 0
 -0.143804544349968
 0.1128944953433253
 0
 0.1128944953433253
 0
 -0.1694270510950881
 0
 0.1694270510950881
 0
 -0.1372586652552071
 0
 0.1372586652552071
 0
 0
 0.2339158070800595
 0
 0.2339158070800595
 -0.02260713975563113
 0
 -1.397450009295254
 0
 -0.4133698895414407
 0
 -0.006687259509444612
 0
 0
 0.9054099494183475
 0
 -0.01464719963253787
 0
 0.7681586963484774
 0
 1.574844412698773
 0
 0.3773959465626678
 0
 0.184081662912963
 1.171501554523625
 0
 -0.2807388047378154
 0
 0
 0.007579776242513876
 0
 -0.4685404033882063
 0
 0.4685404033882063
 0
 -0.03107943273121427
 0.02349965648870038
 0
 0.02349965648870038
 0
 0.00450903817813916
 0
 -0.00450903817813916
 0
 -0.1666357498800436
 0
 0.1666357498800436
 0
 0
 0.3355723940290913
 0
 0.3355723940290913
 -0.9706770814776124
 0
 -0.01570305362810072
 0
 0.0002168266180862923
 0
 0.0134030382762005
 0
 0
 0.007743113505007214
 0
 -0.478637021600706
 0
 -1.292630489529521
 0
 -0.6305037778276167
 0
 -0.3217365814338223
 0
 -0.6596098697319179
 -0.9615671336785689
 0
 0.49067322558287
 0
 0
 -0.9605804632651118
 0
 0.01553971636560761
 0
 -0.01553971636560761
 0
 0.9370808067764108
 0.02349965648870113
 0
 0.02349965648870113
 0
 0.00450903817813916
 0
 -0.00450903817813916
 0
 -0.1666357498800436
 0
 0.1666357498800436
 0
 0
 0.3355723940290913
 0
 0.3355723940290913
 -0.9055123058515703
 0
 -0.080867829254143
 0
 0.001116617082538508
 0
 0.01250324781174829
 0
 0
 0.03987560608580224
 0
 -0.446504529019911
 0
 -1.161401147812984
 0
 -0.4992744361110799
 0
 -0.2547722248788756
 0
 -0.5926455131769711
 -0.8303377919620322
 0
 0.4237088690279233
 0
 0
 -0.8051210583199946
 0
 0.07190227217498318
 0
 -0.07190227217498318
 0
 0.6922265629766706
 0.112894495343324
 0
 0.112894495343324
 0
 0.00450903817813916
 0
 -0.00450903817813916
 0
 -0.1666357498800436
 0
 0.1666357498800436
 0
 0
 0.3355723940290913
 0
 0.3355723940290913
 -0.7956987658814532
 0
 -0.1906813692242601
 0
 0.002632914425444815
 0
 0.01098695046884198
 0
 0
 0.09402422739940763
 0
 -0.3923559077063056
 0
 -0.9402577705298438
 0
 -0.2781310588279394
 0
 -0.1419260902229459
 0
 -0.4797993785210415
 -0.6091944146788917
 0
 0.3108627343719937
 0
 0
 -0.5727699092702356
 0
 0.1372586652552071
 0
 -0.1372586652552071
 0
 0.3388541021901761
 0.2339158070800595
 0
 0.2339158070800595
 0
 0.00450903817813916
 0
 -0.00450903817813916
 0
 -0.1666357498800436
 0
 0.1666357498800436
 0
 0
 0.3355723940290913
 0
 0.3355723940290913
 -0.6531086353456261
 0
 -0.3332714997600871
 0
 0.004601788538008473
 0
 0.009018076356278319
 0
 0
 0.1643348556110393
 0
 -0.3220452794946739
 0
 -0.6531086353456261
 0
 0.009018076356278319
 0
 0.004601788538008473
 0
 -0.3332714997600871
 -0.3220452794946739
 0
 0.1643348556110393
 0
 0
 -0.3265543176728131
 0
 0.1666357498800436
 0
 -0.1666357498800436
 0
 -0.009018076356278319
 0.3355723940290913
 0
 0.3355723940290913
 0
 0.00450903817813916
 0
 -0.00450903817813916
 0
 -0.1666357498800436
 0
 0.1666357498800436
 0
 0
 0.3355723940290913
 0
 0.3355723940290913
 -0.4931900675528566
 0
 -0.4931900675528566
 0
 0.006809932447143396
 0
 0.006809932447143396
 0
 0
 0.2431900675528566
 0
 -0.2431900675528566
 0
 -0.3310633558509522
 0
 0.3310633558509522
 0
 0.1689366441490478
 0
 -0.1689366441490478
 0
 0
 -0
 0
 0
 -0.125
 0
 0.125
 0
 -0.125
 0
 -0.25
 0.375
 0
 0.375
 0
 0.00450903817813916
 0
 -0.00450903817813916
 0
 -0.1666357498800436
 0
 0.1666357498800436
 0
 0
 0.3355723940290913
 0
 0.3355723940290913
 -0.3332714997600871
 0
 -0.6531086353456261
 0
 0.009018076356278319
 0
 0.004601788538008473
 0
 0
 0.3220452794946739
 0
 -0.1643348556110393
 0
 -0.009018076356278319
 0
 0.6531086353456261
 0
 0.3332714997600871
 0
 -0.004601788538008473
 0.3220452794946739
 0
 -0.1643348556110393
 0
 0
 -0.002300894269004236
 0
 0.00450903817813916
 0
 -0.00450903817813916
 0
 -0.3332714997600871
 0.3355723940290913
 0
 0.3355723940290913
 0
 0.00450903817813916
 0
 -0.00450903817813916
 0
 -0.1666357498800436
 0
 0.1666357498800436
 0
 0
 0.3355723940290913
 0
 0.3355723940290913
 -0.1906813692242598
 0
 -0.7956987658814534
 0
 0.01098695046884198
 0
 0.002632914425444811
 0
 0
 0.3923559077063057
 0
 -0.0940242273994075
 0
 0.27813105882794
 0
 0.9402577705298444
 0
 0.4797993785210418
 0
 0.1419260902229462
 0.6091944146788922
 0
 -0.310862734371994
 0
 0
 0.04060152343035463
 0
 -0.1694270510950885
 0
 0.1694270510950885
 0
 -0.2745173305104139
 0.2339158070800592
 0
 0.2339158070800592
 0
 0.00450903817813916
 0
 -0.00450903817813916
 0
 -0.1666357498800436
 0
 0.1666357498800436
 0
 0
 0.3355723940290913
 0
 0.3355723940290913
 -0.08086782925414404
 0
 -0.9055123058515692
 0
 0.01250324781174827
 0
 0.001116617082538522
 0
 0
 0.4465045290199104
 0
 -0.03987560608580275
 0
 0.4992744361110778
 0
 1.161401147812982
 0
 0.5926455131769701
 0
 0.2547722248788745
 0.8303377919620301
 0
 -0.4237088690279223
 0
 0
 0.03091004900664271
 0
 -0.3461132814883335
 0
 0.3461132814883335
 0
 -0.143804544349968
 0.1128944953433253
 0
 0.1128944953433253
 0
 0.00450903817813916
 0
 -0.00450903817813916
 0
 -0.1666357498800436
 0
 0.1666357498800436
 0
 0
 0.3355723940290913
 0
 0.3355723940290913
 -0.01570305362810023
 0
 -0.970677081477613
 0
 0.01340303827620051
 0
 0.0002168266180862855
 0
 0
 0.4786370216007062
 0
 -0.007743113505006971
 0
 0.6305037778276176
 0
 1.292630489529522
 0
 0.6596098697319184
 0
 0.3217365814338228
 0.9615671336785699
 0
 -0.4906732255828705
 0
 0
 0.007579776242513876
 0
 -0.4685404033882063
 0
 0.4685404033882063
 0
 -0.03107943273121427
 0.02349965648870038
 0
 0.02349965648870038
 0
 0.125
 0
 -0.125
 0
 -0.125
 0
 0.125
 0
 0
 0.375
 0
 0.375
 -0.4920400598769065
 0
 -0.007959940123093506
 0
 0.007959940123093506
 0
 0.4920400598769065
 0
 0
 -0
 0
 0
 0
 -0.9761201796307195
 0
 -0.4761201796307195
 0
 -0.4761201796307195
 0
 -0.9761201796307195
 -0.7261201796307195
 0
 0.7261201796307195
 0
 0
 -0.9605804632651118
 0
 0.01553971636560761
 0
 -0.01553971636560761
 0
 0.9370808067764108
 0.02349965648870113
 0
 0.02349965648870113
 0
 0.125
 0
 -0.125
 0
 -0.125
 0
 0.125
 0
 0
 0.375
 0
 0.375
 -0.4590077768316593
 0
 -0.04099222316834075
 0
 0.04099222316834075
 0
 0.4590077768316593
 0
 0
 -0
 0
 0
 0
 -0.8770233304949777
 0
 -0.3770233304949777
 0
 -0.3770233304949777
 0
 -0.8770233304949777
 -0.6270233304949777
 0
 0.6270233304949777
 0
 0
 -0.8051210583199946
 0
 0.07190227217498318
 0
 -0.07190227217498318
 0
 0.6922265629766706
 0.112894495343324
 0
 0.112894495343324
 0
 0.125
 0
 -0.125
 0
 -0.125
 0
 0.125
 0
 0
 0.375
 0
 0.375
 -0.4033428581751476
 0
 -0.09665714182485244
 0
 0.09665714182485244
 0
 0.4033428581751476
 0
 0
 -0
 0
 0
 0
 -0.7100285745254427
 0
 -0.2100285745254427
 0
 -0.2100285745254427
 0
 -0.7100285745254427
 -0.4600285745254427
 0
 0.4600285745254427
 0
 0
 -0.5727699092702356
 0
 0.1372586652552071
 0
 -0.1372586652552071
 0
 0.3388541021901761
 0.2339158070800595
 0
 0.2339158070800595
 0
 0.125
 0
 -0.125
 0
 -0.125
 0
 0.125
 0
 0
 0.375
 0
 0.375
 -0.3310633558509522
 0
 -0.1689366441490478
 0
 0.1689366441490478
 0
 0.3310633558509522
 0
 0
 -0
 0
 0
 0
 -0.4931900675528566
 0
 0.006809932447143396
 0
 0.006809932447143396
 0
 -0.4931900675528566
 -0.2431900675528566
 0
 0.2431900675528566
 0
 0
 -0.3265543176728131
 0
 0.1666357498800436
 0
 -0.1666357498800436
 0
 -0.009018076356278319
 0.3355723940290913
 0
 0.3355723940290913
 0
 0.125
 0
 -0.125
 0
 -0.125
 0
 0.125
 0
 0
 0.375
 0
 0.375
 -0.25
 0
 -0.25
 0
 0.25
 0
 0.25
 0
 0
 -0
 0
 0
 0
 -0.25
 0
 0.25
 0
 0.25
 0
 -0.25
 0
 0
 -0
 0
 0
 -0.125
 0
 0.125
 0
 -0.125
 0
 -0.25
 0.375
 0
 0.375
 0
 0.125
 0
 -0.125
 0
 -0.125
 0
 0.125
 0
 0
 0.375
 0
 0.375
 -0.1689366441490478
 0
 -0.3310633558509522
 0
 0.3310633558509522
 0
 0.1689366441490478
 0
 0
 -0
 0
 0
 0
 -0.006809932447143396
 0
 0.4931900675528566
 0
 0.4931900675528566
 0
 -0.006809932447143396
 0.2431900675528566
 0
 -0.2431900675528566
 0
 0
 -0.002300894269004236
 0
 0.00450903817813916
 0
 -0.00450903817813916
 0
 -0.3332714997600871
 0.3355723940290913
 0
 0.3355723940290913
 0
 0.125
 0
 -0.125
 0
 -0.125
 0
 0.125
 0
 0
 0.375
 0
 0.375
 -0.0966571418248523
 0
 -0.4033428581751477
 0
 0.4033428581751477
 0
 0.0966571418248523
 0
 0
 -0
 0
 0
 0
 0.2100285745254431
 0
 0.7100285745254431
 0
 0.7100285745254431
 0
 0.2100285745254431
 0.4600285745254431
 0
 -0.4600285745254431
 0
 0
 0.04060152343035463
 0
 -0.1694270510950885
 0
 0.1694270510950885
 0
 -0.2745173305104139
 0.2339158070800592
 0
 0.2339158070800592
 0
 0.125
 0
 -0.125
 0
 -0.125
 0
 0.125
 0
 0
 0.375
 0
 0.375
 -0.04099222316834128
 0
 -0.4590077768316587
 0
 0.4590077768316587
 0
 0.04099222316834128
 0
 0
 -0
 0
 0
 0
 0.3770233304949762
 0
 0.8770233304949762
 0
 0.8770233304949762
 0
 0.3770233304949762
 0.6270233304949762
 0
 -0.6270233304949762
 0
 0
 0.03091004900664271
 0
 -0.3461132814883335
 0
 0.3461132814883335
 0
 -0.143804544349968
 0.1128944953433253
 0
 0.1128944953433253
 0
 0.125
 0
 -0.125
 0
 -0.125
 0
 0.125
 0
 0
 0.375
 0
 0.375
 -0.007959940123093256
 0
 -0.4920400598769067
 0
 0.4920400598769067
 0
 0.007959940123093256
 0
 0
 -0
 0
 0
 0
 0.4761201796307202
 0
 0.9761201796307202
 0
 0.9761201796307202
 0
 0.4761201796307202
 0.7261201796307202
 0
 -0.7261201796307202
 0
 0
 0.007579776242513876
 0
 -0.4685404033882063
 0
 0.4685404033882063
 0
 -0.03107943273121427
 0.02349965648870038
 0
 0.02349965648870038
 0
 0.1666357498800436
 0
 -0.1666357498800436
 0
 -0.00450903817813916
 0
 0.00450903817813916
 0
 0
 0.3355723940290913
 0
 0.3355723940290913
 -0.0134030382762005
 0
 -0.0002168266180862923
 0
 0.01570305362810072
 0
 0.9706770814776124
 0
 0
 -0.007743113505007214
 0
 0.478637021600706
 0
 -0.6596098697319179
 0
 -0.3217365814338223
 0
 -0.6305037778276167
 0
 -1.292630489529521
 -0.49067322558287
 0
 0.9615671336785689
 0
 0
 -0.9605804632651118
 0
 0.01553971636560761
 0
 -0.01553971636560761
 0
 0.9370808067764108
 0.02349965648870113
 0
 0.02349965648870113
 0
 0.1666357498800436
 0
 -0.1666357498800436
 0
 -0.00450903817813916
 0
 0.00450903817813916
 0
 0
 0.3355723940290913
 0
 0.3355723940290913
 -0.01250324781174829
 0
 -0.001116617082538508
 0
 0.080867829254143
 0
 0.9055123058515703
 0
 0
 -0.03987560608580224
 0
 0.446504529019911
 0
 -0.5926455131769711
 0
 -0.2547722248788756
 0
 -0.4992744361110799
 0
 -1.161401147812984
 -0.4237088690279233
 0
 0.8303377919620322
 0
 0
 -0.8051210583199946
 0
 0.07190227217498318
 0
 -0.07190227217498318
 0
 0.6922265629766706
 0.112894495343324
 0
 0.112894495343324
 0
 0.1666357498800436
 0
 -0.1666357498800436
 0
 -0.00450903817813916
 0
 0.00450903817813916
 0
 0
 0.3355723940290913
 0
 0.3355723940290913
 -0.01098695046884198
 0
 -0.002632914425444815
 0
 0.1906813692242601
 0
 0.7956987658814532
 0
 0
 -0.09402422739940763
 0
 0.3923559077063056
 0
 -0.4797993785210415
 0
 -0.1419260902229459
 0
 -0.2781310588279394
 0
 -0.9402577705298438
 -0.3108627343719937
 0
 0.6091944146788917
 0
 0
 -0.5727699092702356
 0
 0.1372586652552071
 0
 -0.1372586652552071
 0
 0.3388541021901761
 0.2339158070800595
 0
 0.2339158070800595
 0
 0.1666357498800436
 0
 -0.1666357498800436
 0
 -0.00450903817813916
 0
 0.00450903817813916
 0
 0
 0.3355723940290913
 0
 0.3355723940290913
 -0.009018076356278319
 0
 -0.004601788538008473
 0
 0.3332714997600871
 0
 0.6531086353456261
 0
 0
 -0.1643348556110393
 0
 0.3220452794946739
 0
 -0.3332714997600871
 0
 0.004601788538008473
 0
 0.009018076356278319
 0
 -0.6531086353456261
 -0.1643348556110393
 0
 0.3220452794946739
 0
 0
 -0.3265543176728131
 0
 0.1666357498800436
 0
 -0.1666357498800436
 0
 -0.009018076356278319
 0.3355723940290913
 0
 0.3355723940290913
 0
 0.1666357498800436
 0
 -0.1666357498800436
 0
 -0.00450903817813916
 0
 0.00450903817813916
 0
 0
 0.3355723940290913
 0
 0.3355723940290913
 -0.006809932447143396
 0
 -0.006809932447143396
 0
 0.4931900675528566
 0
 0.4931900675528566
 0
 0
 -0.2431900675528566
 0
 0.2431900675528566
 0
 -0.1689366441490478
 0
 0.1689366441490478
 0
 0.3310633558509522
 0
 -0.3310633558509522
 0
 0
 -0
 0
 0
 -0.125
 0
 0.125
 0
 -0.125
 0
 -0.25
 0.375
 0
 0.375
 0
 0.1666357498800436
 0
 -0.1666357498800436
 0
 -0.00450903817813916
 0
 0.00450903817813916
 0
 0
 0.3355723940290913
 0
 0.3355723940290913
 -0.004601788538008473
 0
 -0.009018076356278319
 0
 0.6531086353456261
 0
 0.3332714997600871
 0
 0
 -0.3220452794946739
 0
 0.1643348556110393
 0
 -0.004601788538008473
 0
 0.3332714997600871
 0
 0.6531086353456261
 0
 -0.009018076356278319
 0.1643348556110393
 0
 -0.3220452794946739
 0
 0
 -0.002300894269004236
 0
 0.00450903817813916
 0
 -0.00450903817813916
 0
 -0.3332714997600871
 0.3355723940290913
 0
 0.3355723940290913
 0
 0.1666357498800436
 0
 -0.1666357498800436
 0
 -0.00450903817813916
 0
 0.00450903817813916
 0
 0
 0.3355723940290913
 0
 0.3355723940290913
 -0.002632914425444811
 0
 -0.01098695046884198
 0
 0.7956987658814534
 0
 0.1906813692242598
 0
 0
 -0.3923559077063057
 0
 0.0940242273994075
 0
 0.1419260902229462
 0
 0.4797993785210418
 0
 0.9402577705298444
 0
 0.27813105882794
 0.310862734371994
 0
 -0.6091944146788922
 0
 0
 0.04060152343035463
 0
 -0.1694270510950885
 0
 0.1694270510950885
 0
 -0.2745173305104139
 0.2339158070800592
 0
 0.2339158070800592
 0
 0.1666357498800436
 0
 -0.1666357498800436
 0
 -0.00450903817813916
 0
 0.00450903817813916
 0
 0
 0.3355723940290913
 0
 0.3355723940290913
 -0.001116617082538522
 0
 -0.01250324781174827
 0
 0.9055123058515692
 0
 0.08086782925414404
 0
 0
 -0.4465045290199104
 0
 0.03987560608580275
 0
 0.2547722248788745
 0
 0.5926455131769701
 0
 1.161401147812982
 0
 0.4992744361110778
 0.4237088690279223
 0
 -0.8303377919620301
 0
 0
 0.03091004900664271
 0
 -0.3461132814883335
 0
 0.3461132814883335
 0
 -0.143804544349968
 0.1128944953433253
 0
 0.1128944953433253
 0
 0.1666357498800436
 0
 -0.1666357498800436
 0
 -0.00450903817813916
 0
 0.00450903817813916
 0
 0
 0.3355723940290913
 0
 0.3355723940290913
 -0.0002168266180862855
 0
 -0.01340303827620051
 0
 0.970677081477613
 0
 0.01570305362810023
 0
 0
 -0.4786370216007062
 0
 0.007743113505006971
 0
 0.3217365814338228
 0
 0.6596098697319184
 0
 1.292630489529522
 0
 0.6305037778276176
 0.4906732255828705
 0
 -0.9615671336785699
 0
 0
 0.007579776242513876
 0
 -0.4685404033882063
 0
 0.4685404033882063
 0
 -0.03107943273121427
 0.02349965648870038
 0
 0.02349965648870038
 0
 0.1372586652552069
 0
 -0.1372586652552069
 0
 0.1694270510950885
 0
 -0.1694270510950885
 0
 0
 0.2339158070800592
 0
 0.2339158070800592
 0.4133698895414413
 0
 0.006687259509444837
 0
 0.02260713975563185
 0
 1.397450009295254
 0
 0
 -0.01464719963253834
 0
 0.9054099494183478
 0
 -0.377395946562667
 0
 -0.1840816629129624
 0
 -0.7681586963484766
 0
 -1.574844412698772
 -0.2807388047378147
 0
 1.171501554523624
 0
 0
 -0.9605804632651118
 0
 0.01553971636560761
 0
 -0.01553971636560761
 0
 0.9370808067764108
 0.02349965648870113
 0
 0.02349965648870113
 0
 0.1372586652552069
 0
 -0.1372586652552069
 0
 0.1694270510950885
 0
 -0.1694270510950885
 0
 0
 0.2339158070800592
 0
 0.2339158070800592
 0.3856189962561844
 0
 0.0344381527947018
 0
 0.1164225991313833
 0
 1.303634549919503
 0
 0
 -0.07543037596304256
 0
 0.8446267730878437
 0
 -0.3390822737574295
 0
 -0.1457679901077249
 0
 -0.6082786708822305
 0
 -1.414964387232526
 -0.2424251319325772
 0
 1.011621529057378
 0
 0
 -0.8051210583199946
 0
 0.07190227217498318
 0
 -0.07190227217498318
 0
 0.6922265629766706
 0.112894495343324
 0
 0.112894495343324
 0
 0.1372586652552069
 0
 -0.1372586652552069
 0
 0.1694270510950885
 0
 -0.1694270510950885
 0
 0
 0.2339158070800592
 0
 0.2339158070800592
 0.3388541021901769
 0
 0.08120304686070938
 0
 0.2745173305104143
 0
 1.145539818540472
 0
 0
 -0.1778601886855618
 0
 0.7421969603653243
 0
 -0.2745173305104137
 0
 -0.08120304686070909
 0
 -0.3388541021901763
 0
 -1.145539818540472
 -0.1778601886855614
 0
 0.742196960365324
 0
 0
 -0.5727699092702356
 0
 0.1372586652552071
 0
 -0.1372586652552071
 0
 0.3388541021901761
 0.2339158070800595
 0
 0.2339158070800595
 0
 0.1372586652552069
 0
 -0.1372586652552069
 0
 0.1694270510950885
 0
 -0.1694270510950885
 0
 0
 0.2339158070800592
 0
 0.2339158070800592
 0.27813105882794
 0
 0.1419260902229462
 0
 0.4797993785210418
 0
 0.9402577705298444
 0
 0
 -0.310862734371994
 0
 0.6091944146788922
 0
 -0.1906813692242598
 0
 0.002632914425444811
 0
 0.01098695046884198
 0
 -0.7956987658814534
 -0.0940242273994075
 0
 0.3923559077063057
 0
 0
 -0.3265543176728131
 0
 0.1666357498800436
 0
 -0.1666357498800436
 0
 -0.009018076356278319
 0.3355723940290913
 0
 0.3355723940290913
 0
 0.1372586652552069
 0
 -0.1372586652552069
 0
 0.1694270510950885
 0
 -0.1694270510950885
 0
 0
 0.2339158070800592
 0
 0.2339158070800592
 0.2100285745254431
 0
 0.2100285745254431
 0
 0.7100285745254431
 0
 0.7100285745254431
 0
 0
 -0.4600285745254431
 0
 0.4600285745254431
 0
 -0.0966571418248523
 0
 0.0966571418248523
 0
 0.4033428581751477
 0
 -0.4033428581751477
 0
 0
 -0
 0
 0
 -0.125
 0
 0.125
 0
 -0.125
 0
 -0.25
 0.375
 0
 0.375
 0
 0.1372586652552069
 0
 -0.1372586652552069
 0
 0.1694270510950885
 0
 -0.1694270510950885
 0
 0
 0.2339158070800592
 0
 0.2339158070800592
 0.1419260902229462
 0
 0.27813105882794
 0
 0.9402577705298444
 0
 0.4797993785210418
 0
 0
 -0.6091944146788922
 0
 0.310862734371994
 0
 -0.002632914425444811
 0
 0.1906813692242598
 0
 0.7956987658814534
 0
 -0.01098695046884198
 0.0940242273994075
 0
 -0.3923559077063057
 0
 0
 -0.002300894269004236
 0
 0.00450903817813916
 0
 -0.00450903817813916
 0
 -0.3332714997600871
 0.3355723940290913
 0
 0.3355723940290913
 0
 0.1372586652552069
 0
 -0.1372586652552069
 0
 0.1694270510950885
 0
 -0.1694270510950885
 0
 0
 0.2339158070800592
 0
 0.2339158070800592
 0.08120304686070925
 0
 0.3388541021901769
 0
 1.145539818540472
 0
 0.2745173305104139
 0
 0
 -0.7421969603653247
 0
 0.1778601886855616
 0
 0.08120304686070925
 0
 0.2745173305104139
 0
 1.145539818540472
 0
 0.3388541021901769
 0.1778601886855616
 0
 -0.7421969603653247
 0
 0
 0.04060152343035463
 0
 -0.1694270510950885
 0
 0.1694270510950885
 0
 -0.2745173305104139
 0.2339158070800592
 0
 0.2339158070800592
 0
 0.1372586652552069
 0
 -0.1372586652552069
 0
 0.1694270510950885
 0
 -0.1694270510950885
 0
 0
 0.2339158070800592
 0
 0.2339158070800592
 0.03443815279470225
 0
 0.385618996256184
 0
 1.303634549919501
 0
 0.1164225991313848
 0
 0
 -0.8446267730878427
 0
 0.07543037596304353
 0
 0.1457679901077243
 0
 0.3390822737574289
 0
 1.414964387232523
 0
 0.6082786708822281
 0.2424251319325766
 0
 -1.011621529057376
 0
 0
 0.03091004900664271
 0
 -0.3461132814883335
 0
 0.3461132814883335
 0
 -0.143804544349968
 0.1128944953433253
 0
 0.1128944953433253
 0
 0.1372586652552069
 0
 -0.1372586652552069
 0
 0.1694270510950885
 0
 -0.1694270510950885
 0
 0
 0.2339158070800592
 0
 0.2339158070800592
 0.006687259509444627
 0
 0.4133698895414415
 0
 1.397450009295255
 0
 0.02260713975563114
 0
 0
 -0.9054099494183483
 0
 0.01464719963253788
 0
 0.1840816629129627
 0
 0.3773959465626673
 0
 1.574844412698773
 0
 0.7681586963484777
 0.280738804737815
 0
 -1.171501554523625
 0
 0
 0.007579776242513876
 0
 -0.4685404033882063
 0
 0.4685404033882063
 0
 -0.03107943273121427
 0.02349965648870038
 0
 0.02349965648870038
 0
 0.07190227217498399
 0
 -0.07190227217498399
 0
 0.3461132814883335
 0
 -0.3461132814883335
 0
 0
 0.1128944953433253
 0
 0.1128944953433253
 0.7420423284469551
 0
 0.01200433254299722
 0
 0.02792421278918423
 0
 1.726122448200768
 0
 0
 -0.01996427266609072
 0
 1.234082388323862
 0
 -0.1600533449701753
 0
 -0.07806889863349277
 0
 -0.8741714606279463
 0
 -1.792187014291264
 -0.119061121801834
 0
 1.333179237459605
 0
 0
 -0.9605804632651118
 0
 0.01553971636560761
 0
 -0.01553971636560761
 0
 0.9370808067764108
 0.02349965648870113
 0
 0.02349965648870113
 0
 0.07190227217498399
 0
 -0.07190227217498399
 0
 0.3461132814883335
 0
 -0.3461132814883335
 0
 0
 0.1128944953433253
 0
 0.1128944953433253
 0.6922265629766677
 0
 0.06182009801328462
 0
 0.1438045443499661
 0
 1.610242116639986
 0
 0
 -0.1028123211816254
 0
 1.151234339808327
 0
 -0.1438045443499682
 0
 -0.06182009801328567
 0
 -0.6922265629766697
 0
 -1.610242116639987
 -0.1028123211816269
 0
 1.151234339808328
 0
 0
 -0.8051210583199946
 0
 0.07190227217498318
 0
 -0.07190227217498318
 0
 0.6922265629766706
 0.112894495343324
 0
 0.112894495343324
 0
 0.07190227217498399
 0
 -0.07190227217498399
 0
 0.3461132814883335
 0
 -0.3461132814883335
 0
 0
 0.1128944953433253
 0
 0.1128944953433253
 0.6082786708822279
 0
 0.1457679901077245
 0
 0.3390822737574294
 0
 1.414964387232523
 0
 0
 -0.2424251319325769
 0
 1.011621529057375
 0
 -0.1164225991313847
 0
 -0.03443815279470217
 0
 -0.3856189962561831
 0
 -1.303634549919501
 -0.07543037596304346
 0
 0.844626773087842
 0
 0
 -0.5727699092702356
 0
 0.1372586652552071
 0
 -0.1372586652552071
 0
 0.3388541021901761
 0.2339158070800595
 0
 0.2339158070800595
 0
 0.07190227217498399
 0
 -0.07190227217498399
 0
 0.3461132814883335
 0
 -0.3461132814883335
 0
 0
 0.1128944953433253
 0
 0.1128944953433253
 0.4992744361110778
 0
 0.2547722248788745
 0
 0.5926455131769701
 0
 1.161401147812982
 0
 0
 -0.4237088690279223
 0
 0.8303377919620301
 0
 -0.08086782925414404
 0
 0.001116617082538522
 0
 0.01250324781174827
 0
 -0.9055123058515692
 -0.03987560608580275
 0
 0.4465045290199104
 0
 0
 -0.3265543176728131
 0
 0.1666357498800436
 0
 -0.1666357498800436
 0
 -0.009018076356278319
 0.3355723940290913
 0
 0.3355723940290913
 0
 0.07190227217498399
 0
 -0.07190227217498399
 0
 0.3461132814883335
 0
 -0.3461132814883335
 0
 0
 0.1128944953433253
 0
 0.1128944953433253
 0.3770233304949762
 0
 0.3770233304949762
 0
 0.8770233304949762
 0
 0.8770233304949762
 0
 0
 -0.6270233304949762
 0
 0.6270233304949762
 0
 -0.04099222316834128
 0
 0.04099222316834128
 0
 0.4590077768316587
 0
 -0.4590077768316587
 0
 0
 -0
 0
 0
 -0.125
 0
 0.125
 0
 -0.125
 0
 -0.25
 0.375
 0
 0.375
 0
 0.07190227217498399
 0
 -0.07190227217498399
 0
 0.3461132814883335
 0
 -0.3461132814883335
 0
 0
 0.1128944953433253
 0
 0.1128944953433253
 0.2547722248788745
 0
 0.4992744361110778
 0
 1.161401147812982
 0
 0.5926455131769701
 0
 0
 -0.8303377919620301
 0
 0.4237088690279223
 0
 -0.001116617082538522
 0
 0.08086782925414404
 0
 0.9055123058515692
 0
 -0.01250324781174827
 0.03987560608580275
 0
 -0.4465045290199104
 0
 0
 -0.002300894269004236
 0
 0.00450903817813916
 0
 -0.00450903817813916
 0
 -0.3332714997600871
 0.3355723940290913
 0
 0.3355723940290913
 0
 0.07190227217498399
 0
 -0.07190227217498399
 0
 0.3461132814883335
 0
 -0.3461132814883335
 0
 0
 0.1128944953433253
 0
 0.1128944953433253
 0.1457679901077243
 0
 0.6082786708822281
 0
 1.414964387232523
 0
 0.3390822737574289
 0
 0
 -1.011621529057376
 0
 0.2424251319325766
 0
 0.03443815279470225
 0
 0.1164225991313848
 0
 1.303634549919501
 0
 0.385618996256184
 0.07543037596304353
 0
 -0.8446267730878427
 0
 0
 0.04060152343035463
 0
 -0.1694270510950885
 0
 0.1694270510950885
 0
 -0.2745173305104139
 0.2339158070800592
 0
 0.2339158070800592
 0
 0.07190227217498399
 0
 -0.07190227217498399
 0
 0.3461132814883335
 0
 -0.3461132814883335
 0
 0
 0.1128944953433253
 0
 0.1128944953433253
 0.06182009801328541
 0
 0.692226562976667
 0
 1.610242116639984
 0
 0.143804544349968
 0
 0
 -1.151234339808326
 0
 0.1028123211816267
 0
 0.06182009801328541
 0
 0.143804544349968
 0
 1.610242116639984
 0
 0.692226562976667
 0.1028123211816267
 0
 -1.151234339808326
 0
 0
 0.03091004900664271
 0
 -0.3461132814883335
 0
 0.3461132814883335
 0
 -0.143804544349968
 0.1128944953433253
 0
 0.1128944953433253
 0
 0.07190227217498399
 0
 -0.07190227217498399
 0
 0.3461132814883335
 0
 -0.3461132814883335
 0
 0
 0.1128944953433253
 0
 0.1128944953433253
 0.01200433254299684
 0
 0.7420423284469555
 0
 1.726122448200769
 0
 0.02792421278918335
 0
 0
 -1.234082388323862
 0
 0.0199642726660901
 0
 0.07806889863349288
 0
 0.1600533449701754
 0
 1.792187014291265
 0
 0.8741714606279475
 0.1190611218018342
 0
 -1.333179237459606
 0
 0
 0.007579776242513876
 0
 -0.4685404033882063
 0
 0.4685404033882063
 0
 -0.03107943273121427
 0.02349965648870038
 0
 0.02349965648870038
 0
 0.01553971636560713
 0
 -0.01553971636560713
 0
 0.4685404033882063
 0
 -0.4685404033882063
 0
 0
 0.02349965648870038
 0
 0.02349965648870038
 0.937080806776412
 0
 0.01515955248502823
 0
 0.03107943273121524
 0
 1.921160926530225
 0
 0
 -0.02311949260812174
 0
 1.429120866653319
 0
 -0.03107943273121425
 0
 -0.01515955248502773
 0
 -0.9370808067764113
 0
 -1.921160926530225
 -0.02311949260812099
 0
 1.429120866653318
 0
 0
 -0.9605804632651118
 0
 0.01553971636560761
 0
 -0.01553971636560761
 0
 0.9370808067764108
 0.02349965648870113
 0
 0.02349965648870113
 0
 0.01553971636560713
 0
 -0.01553971636560713
 0
 0.4685404033882063
 0
 -0.4685404033882063
 0
 0
 0.02349965648870038
 0
 0.02349965648870038
 0.8741714606279485
 0
 0.07806889863349187
 0
 0.1600533449701734
 0
 1.792187014291267
 0
 0
 -0.1190611218018326
 0
 1.333179237459608
 0
 -0.0279242127891834
 0
 -0.01200433254299689
 0
 -0.7420423284469585
 0
 -1.726122448200772
 -0.01996427266609015
 0
 1.234082388323865
 0
 0
 -0.8051210583199946
 0
 0.07190227217498318
 0
 -0.07190227217498318
 0
 0.6922265629766706
 0.112894495343324
 0
 0.112894495343324
 0
 0.01553971636560713
 0
 -0.01553971636560713
 0
 0.4685404033882063
 0
 -0.4685404033882063
 0
 0
 0.02349965648870038
 0
 0.02349965648870038
 0.7681586963484774
 0
 0.184081662912963
 0
 0.3773959465626678
 0
 1.574844412698773
 0
 0
 -0.2807388047378154
 0
 1.171501554523625
 0
 -0.02260713975563113
 0
 -0.006687259509444612
 0
 -0.4133698895414407
 0
 -1.397450009295254
 -0.01464719963253787
 0
 0.9054099494183475
 0
 0
 -0.5727699092702356
 0
 0.1372586652552071
 0
 -0.1372586652552071
 0
 0.3388541021901761
 0.2339158070800595
 0
 0.2339158070800595
 0
 0.01553971636560713
 0
 -0.01553971636560713
 0
 0.4685404033882063
 0
 -0.4685404033882063
 0
 0
 0.02349965648870038
 0
 0.02349965648870038
 0.6305037778276176
 0
 0.3217365814338228
 0
 0.6596098697319184
 0
 1.292630489529522
 0
 0
 -0.4906732255828705
 0
 0.9615671336785699
 0
 -0.01570305362810023
 0
 0.0002168266180862855
 0
 0.01340303827620051
 0
 -0.970677081477613
 -0.007743113505006971
 0
 0.4786370216007062
 0
 0
 -0.3265543176728131
 0
 0.1666357498800436
 0
 -0.1666357498800436
 0
 -0.009018076356278319
 0.3355723940290913
 0
 0.3355723940290913
 0
 0.01553971636560713
 0
 -0.01553971636560713
 0
 0.4685404033882063
 0
 -0.4685404033882063
 0
 0
 0.02349965648870038
 0
 0.02349965648870038
 0.4761201796307202
 0
 0.4761201796307202
 0
 0.9761201796307202
 0
 0.9761201796307202
 0
 0
 -0.7261201796307202
 0
 0.7261201796307202
 0
 -0.007959940123093256
 0
 0.007959940123093256
 0
 0.4920400598769067
 0
 -0.4920400598769067
 0
 0
 -0
 0
 0
 -0.125
 0
 0.125
 0
 -0.125
 0
 -0.25
 0.375
 0
 0.375
 0
 0.01553971636560713
 0
 -0.01553971636560713
 0
 0.4685404033882063
 0
 -0.4685404033882063
 0
 0
 0.02349965648870038
 0
 0.02349965648870038
 0.3217365814338228
 0
 0.6305037778276176
 0
 1.292630489529522
 0
 0.6596098697319184
 0
 0
 -0.9615671336785699
 0
 0.4906732255828705
 0
 -0.0002168266180862855
 0
 0.01570305362810023
 0
 0.970677081477613
 0
 -0.01340303827620051
 0.007743113505006971
 0
 -0.4786370216007062
 0
 0
 -0.002300894269004236
 0
 0.00450903817813916
 0
 -0.00450903817813916
 0
 -0.3332714997600871
 0.3355723940290913
 0
 0.3355723940290913
 0
 0.01553971636560713
 0
 -0.01553971636560713
 0
 0.4685404033882063
 0
 -0.4685404033882063
 0
 0
 0.02349965648870038
 0
 0.02349965648870038
 0.1840816629129627
 0
 0.7681586963484777
 0
 1.574844412698773
 0
 0.3773959465626673
 0
 0
 -1.171501554523625
 0
 0.280738804737815
 0
 0.006687259509444627
 0
 0.02260713975563114
 0
 1.397450009295255
 0
 0.4133698895414415
 0.01464719963253788
 0
 -0.9054099494183483
 0
 0
 0.04060152343035463
 0
 -0.1694270510950885
 0
 0.1694270510950885
 0
 -0.2745173305104139
 0.2339158070800592
 0
 0.2339158070800592
 0
 0.01553971636560713
 0
 -0.01553971636560713
 0
 0.4685404033882063
 0
 -0.4685404033882063
 0
 0
 0.02349965648870038
 0
 0.02349965648870038
 0.07806889863349288
 0
 0.8741714606279475
 0
 1.792187014291265
 0
 0.1600533449701754
 0
 0
 -1.333179237459606
 0
 0.1190611218018342
 0
 0.01200433254299684
 0
 0.02792421278918335
 0
 1.726122448200769
 0
 0.7420423284469555
 0.0199642726660901
 0
 -1.234082388323862
 0
 0
 0.03091004900664271
 0
 -0.3461132814883335
 0
 0.3461132814883335
 0
 -0.143804544349968
 0.1128944953433253
 0
 0.1128944953433253
 0
 0.01553971636560713
 0
 -0.01553971636560713
 0
 0.4685404033882063
 0
 -0.4685404033882063
 0
 0
 0.02349965648870038
 0
 0.02349965648870038
 0.01515955248502775
 0
 0.9370808067764126
 0
 1.921160926530226
 0
 0.03107943273121427
 0
 0
 -1.429120866653319
 0
 0.02311949260812101
 0
 0.01515955248502775
 0
 0.03107943273121427
 0
 1.921160926530226
 0
 0.9370808067764126
 0.02311949260812101
 0
 -1.429120866653319
 0
 0
 0.007579776242513876
 0
 -0.4685404033882063
 0
 0.4685404033882063
 0
 -0.03107943273121427
 0.02349965648870038
 0
 0.02349965648870038
 0


# name: edgeBasis
# type: matrix
# ndims: 4
 12 2 9 4
 0.9840801197538129
 0
 0.01591988024618701
 0
 0
 0
 0
 0
 0
 0
 0
 -0
 0
 0.9370808067764108
 0
 -0.03107943273121522
 0
 -0
 0
 0
 -0.04699931297740226
 0
 0
 0
 0.9180155536633186
 0
 0.0819844463366815
 0
 0
 0
 0
 0
 0
 0
 0
 -0
 0
 0.6922265629766706
 0
 -0.1438045443499664
 0
 -0
 0
 0
 -0.2257889906866479
 0
 0
 0
 0.8066857163502952
 0
 0.1933142836497049
 0
 0
 0
 0
 0
 0
 0
 0
 -0
 0
 0.3388541021901761
 0
 -0.2745173305104141
 0
 -0
 0
 0
 -0.467831614160119
 0
 0
 0
 0.6621267117019044
 0
 0.3378732882980956
 0
 0
 0
 0
 0
 0
 0
 0
 -0
 0
 -0.009018076356278319
 0
 -0.3332714997600871
 0
 -0
 0
 -0
 -0.6711447880581827
 0
 0
 0
 0.5
 0
 0.5
 0
 0
 0
 0
 0
 0
 0
 0
 -0
 0
 -0.25
 0
 -0.25
 0
 -0
 0
 -0
 -0.75
 0
 0
 0
 0.3378732882980956
 0
 0.6621267117019044
 0
 0
 0
 0
 0
 0
 0
 0
 -0
 0
 -0.3332714997600871
 0
 -0.009018076356278319
 0
 -0
 0
 -0
 -0.6711447880581827
 0
 0
 0
 0.1933142836497046
 0
 0.8066857163502954
 0
 0
 0
 0
 0
 0
 0
 0
 -0
 0
 -0.2745173305104139
 0
 0.3388541021901769
 0
 0
 0
 -0
 -0.4678316141601184
 0
 0
 0
 0.08198444633668256
 0
 0.9180155536633174
 0
 0
 0
 0
 0
 0
 0
 0
 -0
 0
 -0.143804544349968
 0
 0.692226562976667
 0
 0
 0
 -0
 -0.2257889906866506
 0
 0
 0
 0.01591988024618651
 0
 0.9840801197538135
 0
 0
 0
 0
 0
 0
 0
 0
 -0
 0
 -0.03107943273121427
 0
 0.9370808067764126
 0
 0
 0
 -0
 -0.04699931297740076
 0
 0
 0
 0
 0
 0.9370808067764108
 0
 -0.03107943273121522
 0
 -0
 0
 0
 0.04699931297740226
 0
 -0
 0
 0
 0
 0.9840801197538129
 0
 0.01591988024618701
 0
 0
 -0
 0
 0
 0
 0
 0
 0.6922265629766706
 0
 -0.1438045443499664
 0
 -0
 0
 0
 0.2257889906866479
 0
 -0
 0
 0
 0
 0.9180155536633186
 0
 0.0819844463366815
 0
 0
 -0
 0
 0
 0
 0
 0
 0.3388541021901761
 0
 -0.2745173305104141
 0
 -0
 0
 0
 0.467831614160119
 0
 -0
 0
 0
 0
 0.8066857163502952
 0
 0.1933142836497049
 0
 0
 -0
 0
 0
 0
 -0
 0
 -0.009018076356278319
 0
 -0.3332714997600871
 0
 -0
 0
 0
 0.6711447880581827
 0
 -0
 0
 0
 0
 0.6621267117019044
 0
 0.3378732882980956
 0
 0
 -0
 0
 0
 0
 -0
 0
 -0.25
 0
 -0.25
 0
 -0
 0
 0
 0.75
 0
 -0
 0
 0
 0
 0.5
 0
 0.5
 0
 0
 -0
 0
 0
 0
 -0
 0
 -0.3332714997600871
 0
 -0.009018076356278319
 0
 -0
 0
 0
 0.6711447880581827
 0
 -0
 0
 0
 0
 0.3378732882980956
 0
 0.6621267117019044
 0
 0
 -0
 0
 0
 0
 -0
 0
 -0.2745173305104139
 0
 0.3388541021901769
 0
 0
 0
 0
 0.4678316141601184
 0
 -0
 0
 0
 0
 0.1933142836497046
 0
 0.8066857163502954
 0
 0
 -0
 0
 0
 0
 -0
 0
 -0.143804544349968
 0
 0.692226562976667
 0
 0
 0
 0
 0.2257889906866506
 0
 -0
 0
 0
 0
 0.08198444633668256
 0
 0.9180155536633174
 0
 0
 -0
 0
 0
 0
 -0
 0
 -0.03107943273121427
 0
 0.9370808067764126
 0
 0
 0
 0
 0.04699931297740076
 0
 -0
 0
 0
 0
 0.01591988024618651
 0
 0.9840801197538135
 0
 0
 -0
 0
 0
 0
 0
 0
 0
 0
 0.9840801197538129
 0
 0.01591988024618701
 0
 0
 0
 0
 -0
 0
 -0
 0
 0
 0
 0.9370808067764108
 0
 -0.03107943273121522
 -0
 0
 0.04699931297740226
 0
 0
 0
 0
 0
 0.9180155536633186
 0
 0.0819844463366815
 0
 0
 0
 0
 -0
 0
 -0
 0
 0
 0
 0.6922265629766706
 0
 -0.1438045443499664
 -0
 0
 0.2257889906866479
 0
 0
 0
 0
 0
 0.8066857163502952
 0
 0.1933142836497049
 0
 0
 0
 0
 -0
 0
 -0
 0
 0
 0
 0.3388541021901761
 0
 -0.2745173305104141
 -0
 0
 0.467831614160119
 0
 0
 0
 0
 0
 0.6621267117019044
 0
 0.3378732882980956
 0
 0
 0
 0
 -0
 0
 -0
 0
 -0
 0
 -0.009018076356278319
 0
 -0.3332714997600871
 -0
 0
 0.6711447880581827
 0
 0
 0
 0
 0
 0.5
 0
 0.5
 0
 0
 0
 0
 -0
 0
 -0
 0
 -0
 0
 -0.25
 0
 -0.25
 -0
 0
 0.75
 0
 0
 0
 0
 0
 0.3378732882980956
 0
 0.6621267117019044
 0
 0
 0
 0
 -0
 0
 -0
 0
 -0
 0
 -0.3332714997600871
 0
 -0.009018076356278319
 -0
 0
 0.6711447880581827
 0
 0
 0
 0
 0
 0.1933142836497046
 0
 0.8066857163502954
 0
 0
 0
 0
 -0
 0
 0
 0
 -0
 0
 -0.2745173305104139
 0
 0.3388541021901769
 -0
 0
 0.4678316141601184
 0
 0
 0
 0
 0
 0.08198444633668256
 0
 0.9180155536633174
 0
 0
 0
 0
 -0
 0
 0
 0
 -0
 0
 -0.143804544349968
 0
 0.692226562976667
 -0
 0
 0.2257889906866506
 0
 0
 0
 0
 0
 0.01591988024618651
 0
 0.9840801197538135
 0
 0
 0
 0
 -0
 0
 0
 0
 -0
 0
 -0.03107943273121427
 0
 0.9370808067764126
 -0
 0
 0.04699931297740076
 0
 -0.03107943273121522
 0
 -0
 0
 0
 0
 0.9370808067764108
 0
 0
 0
 0
 -0.04699931297740226
 0
 0.01591988024618701
 0
 0
 0
 0
 0
 0.9840801197538129
 -0
 0
 0
 0
 -0.1438045443499664
 0
 -0
 0
 0
 0
 0.6922265629766706
 0
 0
 0
 0
 -0.2257889906866479
 0
 0.0819844463366815
 0
 0
 0
 0
 0
 0.9180155536633186
 -0
 0
 0
 0
 -0.2745173305104141
 0
 -0
 0
 0
 0
 0.3388541021901761
 0
 0
 0
 0
 -0.467831614160119
 0
 0.1933142836497049
 0
 0
 0
 0
 0
 0.8066857163502952
 -0
 0
 0
 0
 -0.3332714997600871
 0
 -0
 0
 -0
 0
 -0.009018076356278319
 0
 0
 0
 0
 -0.6711447880581827
 0
 0.3378732882980956
 0
 0
 0
 0
 0
 0.6621267117019044
 -0
 0
 0
 0
 -0.25
 0
 -0
 0
 -0
 0
 -0.25
 0
 0
 0
 0
 -0.75
 0
 0.5
 0
 0
 0
 0
 0
 0.5
 -0
 0
 0
 0
 -0.009018076356278319
 0
 -0
 0
 -0
 0
 -0.3332714997600871
 0
 0
 0
 0
 -0.6711447880581827
 0
 0.6621267117019044
 0
 0
 0
 0
 0
 0.3378732882980956
 -0
 0
 0
 0
 0.3388541021901769
 0
 0
 0
 -0
 0
 -0.2745173305104139
 0
 0
 0
 0
 -0.4678316141601184
 0
 0.8066857163502954
 0
 0
 0
 0
 0
 0.1933142836497046
 -0
 0
 0
 0
 0.692226562976667
 0
 0
 0
 -0
 0
 -0.143804544349968
 0
 0
 0
 0
 -0.2257889906866506
 0
 0.9180155536633174
 0
 0
 0
 0
 0
 0.08198444633668256
 -0
 0
 0
 0
 0.9370808067764126
 0
 0
 0
 -0
 0
 -0.03107943273121427
 0
 0
 0
 0
 -0.04699931297740076
 0
 0.9840801197538135
 0
 0
 0
 0
 0
 0.01591988024618651
 -0
 0
 0
 0


