# Created by Octave 3.8.1, Mon Aug 17 16:45:50 2015 PDT <ataicher@ataicher-Inspiron-7548>
# name: basis
# type: matrix
# ndims: 3
 12 2 49
 0.8772528598549332
 0
 0.02290546827016908
 0
 -0.001245573265395242
 0
 -0.04770401095226149
 0
 0
 0.001893074411923318
 0
 -0.07250255363435393
 0
 0.8772528598549332
 0
 -0.04770401095226149
 0
 -0.001245573265395242
 0
 0.02290546827016908
 -0.07250255363435393
 0
 0.001893074411923318
 0
 0.7838269002034387
 0
 0.1163314279216636
 0
 -0.006325970499070184
 0
 -0.04262361371858655
 0
 0
 0.009614474888854889
 0
 -0.06478115315742236
 0
 0.5195999771963787
 0
 -0.2030621733539639
 0
 -0.00530204503340114
 0
 0.01356699001564994
 -0.3290080761644823
 0
 0.00859054942318584
 0
 0.6327416105333294
 0
 0.2674167175917727
 0
 -0.01454181640049059
 0
 -0.03440776781716614
 0
 0
 0.02210126156000966
 0
 -0.05229436648626758
 0
 0.07450980617892383
 0
 -0.3210081916888911
 0
 -0.008381668827400747
 0
 0.001945484682181616
 -0.6105261708406734
 0
 0.01594111398691981
 0
 0.4500791640625511
 0
 0.4500791640625511
 0
 -0.02447479210882837
 0
 -0.02447479210882837
 0
 0
 0.03719781402313863
 0
 -0.03719781402313863
 0
 -0.2436384890428449
 0
 -0.2436384890428449
 0
 -0.00636151095715512
 0
 -0.00636151095715512
 -0.7309154671285346
 0
 0.01908453287146536
 0
 0.2674167175917727
 0
 0.6327416105333294
 0
 -0.03440776781716614
 0
 -0.01454181640049059
 0
 0
 0.05229436648626758
 0
 -0.02210126156000967
 0
 -0.3210081916888911
 0
 0.07450980617892368
 0
 0.001945484682181612
 0
 -0.008381668827400747
 -0.6105261708406734
 0
 0.01594111398691981
 0
 0.1163314279216632
 0
 0.7838269002034389
 0
 -0.04262361371858656
 0
 -0.006325970499070165
 0
 0
 0.06478115315742239
 0
 -0.009614474888854859
 0
 -0.2030621733539634
 0
 0.5195999771963798
 0
 0.01356699001564997
 0
 -0.005302045033401127
 -0.3290080761644815
 0
 0.008590549423185819
 0
 0.02290546827016908
 0
 0.8772528598549332
 0
 -0.04770401095226149
 0
 -0.001245573265395242
 0
 0
 0.07250255363435393
 0
 -0.001893074411923318
 0
 -0.04770401095226149
 0
 0.8772528598549332
 0
 0.02290546827016908
 0
 -0.001245573265395242
 -0.07250255363435393
 0
 0.001893074411923318
 0
 0.5195999771963787
 0
 0.01356699001564994
 0
 -0.00530204503340114
 0
 -0.2030621733539639
 0
 0
 0.00859054942318584
 0
 -0.3290080761644823
 0
 0.7838269002034387
 0
 -0.04262361371858655
 0
 -0.006325970499070184
 0
 0.1163314279216636
 -0.06478115315742236
 0
 0.009614474888854889
 0
 0.4642634502655987
 0
 0.06890351694642999
 0
 -0.02692782624504562
 0
 -0.1814363921423194
 0
 0
 0.0436293582494594
 0
 -0.2939692673382088
 0
 0.4642634502655987
 0
 -0.1814363921423194
 0
 -0.02692782624504562
 0
 0.06890351694642999
 -0.2939692673382088
 0
 0.0436293582494594
 0
 0.3747750978648111
 0
 0.1583918693472176
 0
 -0.0619003053171559
 0
 -0.1464639130702091
 0
 0
 0.1002929301406199
 0
 -0.2373056954470483
 0
 0.06657463666934374
 0
 -0.2868213571546783
 0
 -0.04256850336161351
 0
 0.009880654191761718
 -0.5455061566425158
 0
 0.08096112818507747
 0
 0.2665834836060143
 0
 0.2665834836060143
 0
 -0.1041821091936825
 0
 -0.1041821091936825
 0
 0
 0.1687993127938341
 0
 -0.1687993127938341
 0
 -0.2176913981999242
 0
 -0.2176913981999242
 0
 -0.03230860180007579
 0
 -0.03230860180007579
 -0.6530741945997727
 0
 0.09692580540022737
 0
 0.1583918693472176
 0
 0.3747750978648111
 0
 -0.1464639130702091
 0
 -0.06190030531715592
 0
 0
 0.2373056954470483
 0
 -0.1002929301406199
 0
 -0.2868213571546783
 0
 0.0665746366693436
 0
 0.009880654191761698
 0
 -0.04256850336161352
 -0.5455061566425158
 0
 0.08096112818507749
 0
 0.06890351694642979
 0
 0.4642634502655988
 0
 -0.1814363921423195
 0
 -0.02692782624504554
 0
 0
 0.2939692673382089
 0
 -0.04362935824945927
 0
 -0.181436392142319
 0
 0.4642634502655997
 0
 0.06890351694643014
 0
 -0.02692782624504556
 -0.2939692673382081
 0
 0.04362935824945929
 0
 0.01356699001564994
 0
 0.5195999771963787
 0
 -0.2030621733539639
 0
 -0.00530204503340114
 0
 0
 0.3290080761644823
 0
 -0.00859054942318584
 0
 -0.04262361371858655
 0
 0.7838269002034387
 0
 0.1163314279216636
 0
 -0.006325970499070184
 -0.06478115315742236
 0
 0.009614474888854889
 0
 0.07450980617892383
 0
 0.001945484682181616
 0
 -0.008381668827400747
 0
 -0.3210081916888911
 0
 0
 0.01594111398691981
 0
 -0.6105261708406734
 0
 0.6327416105333294
 0
 -0.03440776781716614
 0
 -0.01454181640049059
 0
 0.2674167175917727
 -0.05229436648626758
 0
 0.02210126156000966
 0
 0.06657463666934374
 0
 0.009880654191761718
 0
 -0.04256850336161351
 0
 -0.2868213571546783
 0
 0
 0.08096112818507747
 0
 -0.5455061566425158
 0
 0.3747750978648111
 0
 -0.1464639130702091
 0
 -0.0619003053171559
 0
 0.1583918693472176
 -0.2373056954470483
 0
 0.1002929301406199
 0
 0.05374214997711686
 0
 0.02271314088398859
 0
 -0.09785429135643881
 0
 -0.231535569159853
 0
 0
 0.1861092873918758
 0
 -0.4403579974357174
 0
 0.05374214997711686
 0
 -0.231535569159853
 0
 -0.09785429135643881
 0
 0.02271314088398859
 -0.4403579974357174
 0
 0.1861092873918758
 0
 0.03822764543055272
 0
 0.03822764543055272
 0
 -0.1646949302581459
 0
 -0.1646949302581459
 0
 0
 0.3132336424137966
 0
 -0.3132336424137966
 0
 -0.1757306439221746
 0
 -0.1757306439221746
 0
 -0.07426935607782535
 0
 -0.07426935607782535
 -0.5271919317665239
 0
 0.222808068233476
 0
 0.02271314088398859
 0
 0.05374214997711686
 0
 -0.231535569159853
 0
 -0.09785429135643882
 0
 0
 0.4403579974357174
 0
 -0.1861092873918758
 0
 -0.231535569159853
 0
 0.05374214997711675
 0
 0.02271314088398854
 0
 -0.09785429135643879
 -0.4403579974357174
 0
 0.1861092873918758
 0
 0.009880654191761689
 0
 0.06657463666934377
 0
 -0.2868213571546784
 0
 -0.04256850336161339
 0
 0
 0.5455061566425159
 0
 -0.08096112818507724
 0
 -0.1464639130702088
 0
 0.3747750978648119
 0
 0.1583918693472179
 0
 -0.06190030531715576
 -0.2373056954470477
 0
 0.1002929301406196
 0
 0.001945484682181616
 0
 0.07450980617892383
 0
 -0.3210081916888911
 0
 -0.008381668827400747
 0
 0
 0.6105261708406734
 0
 -0.01594111398691981
 0
 -0.03440776781716614
 0
 0.6327416105333294
 0
 0.2674167175917727
 0
 -0.01454181640049059
 -0.05229436648626758
 0
 0.02210126156000966
 0
 -0.2436384890428449
 0
 -0.00636151095715512
 0
 -0.00636151095715512
 0
 -0.2436384890428449
 0
 0
 0.01908453287146536
 0
 -0.7309154671285346
 0
 0.4500791640625511
 0
 -0.02447479210882837
 0
 -0.02447479210882837
 0
 0.4500791640625511
 -0.03719781402313863
 0
 0.03719781402313863
 0
 -0.2176913981999242
 0
 -0.03230860180007579
 0
 -0.03230860180007579
 0
 -0.2176913981999242
 0
 0
 0.09692580540022737
 0
 -0.6530741945997727
 0
 0.2665834836060143
 0
 -0.1041821091936825
 0
 -0.1041821091936825
 0
 0.2665834836060143
 -0.1687993127938341
 0
 0.1687993127938341
 0
 -0.1757306439221746
 0
 -0.07426935607782535
 0
 -0.07426935607782535
 0
 -0.1757306439221746
 0
 0
 0.222808068233476
 0
 -0.5271919317665239
 0
 0.03822764543055272
 0
 -0.1646949302581459
 0
 -0.1646949302581459
 0
 0.03822764543055272
 -0.3132336424137966
 0
 0.3132336424137966
 0
 -0.125
 0
 -0.125
 0
 -0.125
 0
 -0.125
 0
 0
 0.375
 0
 -0.375
 0
 -0.125
 0
 -0.125
 0
 -0.125
 0
 -0.125
 -0.375
 0
 0.375
 0
 -0.07426935607782537
 0
 -0.1757306439221746
 0
 -0.1757306439221746
 0
 -0.07426935607782537
 0
 0
 0.5271919317665239
 0
 -0.2228080682334761
 0
 -0.1646949302581459
 0
 0.03822764543055265
 0
 0.03822764543055265
 0
 -0.1646949302581459
 -0.3132336424137966
 0
 0.3132336424137966
 0
 -0.03230860180007569
 0
 -0.2176913981999243
 0
 -0.2176913981999243
 0
 -0.03230860180007569
 0
 0
 0.6530741945997729
 0
 -0.09692580540022708
 0
 -0.1041821091936823
 0
 0.2665834836060149
 0
 0.2665834836060149
 0
 -0.1041821091936823
 -0.1687993127938337
 0
 0.1687993127938337
 0
 -0.00636151095715512
 0
 -0.2436384890428449
 0
 -0.2436384890428449
 0
 -0.00636151095715512
 0
 0
 0.7309154671285346
 0
 -0.01908453287146536
 0
 -0.02447479210882837
 0
 0.4500791640625511
 0
 0.4500791640625511
 0
 -0.02447479210882837
 -0.03719781402313863
 0
 0.03719781402313863
 0
 -0.3210081916888911
 0
 -0.008381668827400747
 0
 0.001945484682181612
 0
 0.07450980617892368
 0
 0
 0.01594111398691981
 0
 -0.6105261708406734
 0
 0.2674167175917727
 0
 -0.01454181640049059
 0
 -0.03440776781716614
 0
 0.6327416105333294
 -0.02210126156000967
 0
 0.05229436648626758
 0
 -0.2868213571546783
 0
 -0.04256850336161352
 0
 0.009880654191761698
 0
 0.0665746366693436
 0
 0
 0.08096112818507749
 0
 -0.5455061566425158
 0
 0.1583918693472176
 0
 -0.06190030531715592
 0
 -0.1464639130702091
 0
 0.3747750978648111
 -0.1002929301406199
 0
 0.2373056954470483
 0
 -0.231535569159853
 0
 -0.09785429135643879
 0
 0.02271314088398854
 0
 0.05374214997711675
 0
 0
 0.1861092873918758
 0
 -0.4403579974357174
 0
 0.02271314088398859
 0
 -0.09785429135643882
 0
 -0.231535569159853
 0
 0.05374214997711686
 -0.1861092873918758
 0
 0.4403579974357174
 0
 -0.1646949302581459
 0
 -0.1646949302581459
 0
 0.03822764543055265
 0
 0.03822764543055265
 0
 0
 0.3132336424137966
 0
 -0.3132336424137966
 0
 -0.07426935607782537
 0
 -0.07426935607782537
 0
 -0.1757306439221746
 0
 -0.1757306439221746
 -0.2228080682334761
 0
 0.5271919317665239
 0
 -0.09785429135643881
 0
 -0.231535569159853
 0
 0.05374214997711675
 0
 0.02271314088398855
 0
 0
 0.4403579974357174
 0
 -0.1861092873918759
 0
 -0.09785429135643881
 0
 0.02271314088398855
 0
 0.05374214997711675
 0
 -0.231535569159853
 -0.1861092873918759
 0
 0.4403579974357174
 0
 -0.04256850336161339
 0
 -0.2868213571546784
 0
 0.06657463666934363
 0
 0.00988065419176167
 0
 0
 0.545506156642516
 0
 -0.08096112818507724
 0
 -0.06190030531715578
 0
 0.1583918693472179
 0
 0.3747750978648119
 0
 -0.1464639130702088
 -0.1002929301406196
 0
 0.2373056954470477
 0
 -0.008381668827400747
 0
 -0.3210081916888911
 0
 0.07450980617892368
 0
 0.001945484682181612
 0
 0
 0.6105261708406734
 0
 -0.01594111398691981
 0
 -0.01454181640049059
 0
 0.2674167175917727
 0
 0.6327416105333294
 0
 -0.03440776781716614
 -0.02210126156000967
 0
 0.05229436648626758
 0
 -0.2030621733539634
 0
 -0.005302045033401127
 0
 0.01356699001564997
 0
 0.5195999771963798
 0
 0
 0.008590549423185819
 0
 -0.3290080761644815
 0
 0.1163314279216632
 0
 -0.006325970499070165
 0
 -0.04262361371858656
 0
 0.7838269002034389
 -0.009614474888854859
 0
 0.06478115315742239
 0
 -0.181436392142319
 0
 -0.02692782624504556
 0
 0.06890351694643014
 0
 0.4642634502655997
 0
 0
 0.04362935824945929
 0
 -0.2939692673382081
 0
 0.06890351694642979
 0
 -0.02692782624504554
 0
 -0.1814363921423195
 0
 0.4642634502655988
 -0.04362935824945927
 0
 0.2939692673382089
 0
 -0.1464639130702088
 0
 -0.06190030531715576
 0
 0.1583918693472179
 0
 0.3747750978648119
 0
 0
 0.1002929301406196
 0
 -0.2373056954470477
 0
 0.009880654191761689
 0
 -0.04256850336161339
 0
 -0.2868213571546784
 0
 0.06657463666934377
 -0.08096112818507724
 0
 0.5455061566425159
 0
 -0.1041821091936823
 0
 -0.1041821091936823
 0
 0.2665834836060149
 0
 0.2665834836060149
 0
 0
 0.1687993127938337
 0
 -0.1687993127938337
 0
 -0.03230860180007569
 0
 -0.03230860180007569
 0
 -0.2176913981999243
 0
 -0.2176913981999243
 -0.09692580540022708
 0
 0.6530741945997729
 0
 -0.06190030531715578
 0
 -0.1464639130702088
 0
 0.3747750978648119
 0
 0.1583918693472179
 0
 0
 0.2373056954470477
 0
 -0.1002929301406196
 0
 -0.04256850336161339
 0
 0.00988065419176167
 0
 0.06657463666934363
 0
 -0.2868213571546784
 -0.08096112818507724
 0
 0.545506156642516
 0
 -0.02692782624504548
 0
 -0.181436392142319
 0
 0.4642634502655999
 0
 0.06890351694642993
 0
 0
 0.2939692673382082
 0
 -0.04362935824945915
 0
 -0.02692782624504548
 0
 0.06890351694642993
 0
 0.4642634502655999
 0
 -0.181436392142319
 -0.04362935824945915
 0
 0.2939692673382082
 0
 -0.005302045033401127
 0
 -0.2030621733539634
 0
 0.5195999771963798
 0
 0.01356699001564997
 0
 0
 0.3290080761644815
 0
 -0.008590549423185819
 0
 -0.006325970499070165
 0
 0.1163314279216632
 0
 0.7838269002034389
 0
 -0.04262361371858656
 -0.009614474888854859
 0
 0.06478115315742239
 0
 -0.04770401095226149
 0
 -0.001245573265395242
 0
 0.02290546827016908
 0
 0.8772528598549332
 0
 0
 0.001893074411923318
 0
 -0.07250255363435393
 0
 0.02290546827016908
 0
 -0.001245573265395242
 0
 -0.04770401095226149
 0
 0.8772528598549332
 -0.001893074411923318
 0
 0.07250255363435393
 0
 -0.04262361371858655
 0
 -0.006325970499070184
 0
 0.1163314279216636
 0
 0.7838269002034387
 0
 0
 0.009614474888854889
 0
 -0.06478115315742236
 0
 0.01356699001564994
 0
 -0.00530204503340114
 0
 -0.2030621733539639
 0
 0.5195999771963787
 -0.00859054942318584
 0
 0.3290080761644823
 0
 -0.03440776781716614
 0
 -0.01454181640049059
 0
 0.2674167175917727
 0
 0.6327416105333294
 0
 0
 0.02210126156000966
 0
 -0.05229436648626758
 0
 0.001945484682181616
 0
 -0.008381668827400747
 0
 -0.3210081916888911
 0
 0.07450980617892383
 -0.01594111398691981
 0
 0.6105261708406734
 0
 -0.02447479210882837
 0
 -0.02447479210882837
 0
 0.4500791640625511
 0
 0.4500791640625511
 0
 0
 0.03719781402313863
 0
 -0.03719781402313863
 0
 -0.00636151095715512
 0
 -0.00636151095715512
 0
 -0.2436384890428449
 0
 -0.2436384890428449
 -0.01908453287146536
 0
 0.7309154671285346
 0
 -0.01454181640049059
 0
 -0.03440776781716614
 0
 0.6327416105333294
 0
 0.2674167175917727
 0
 0
 0.05229436648626758
 0
 -0.02210126156000967
 0
 -0.008381668827400747
 0
 0.001945484682181612
 0
 0.07450980617892368
 0
 -0.3210081916888911
 -0.01594111398691981
 0
 0.6105261708406734
 0
 -0.006325970499070165
 0
 -0.04262361371858656
 0
 0.7838269002034389
 0
 0.1163314279216632
 0
 0
 0.06478115315742239
 0
 -0.009614474888854859
 0
 -0.005302045033401127
 0
 0.01356699001564997
 0
 0.5195999771963798
 0
 -0.2030621733539634
 -0.008590549423185819
 0
 0.3290080761644815
 0
 -0.001245573265395242
 0
 -0.04770401095226149
 0
 0.8772528598549332
 0
 0.02290546827016908
 0
 0
 0.07250255363435393
 0
 -0.001893074411923318
 0
 -0.001245573265395242
 0
 0.02290546827016908
 0
 0.8772528598549332
 0
 -0.04770401095226149
 -0.001893074411923318
 0
 0.07250255363435393
 0


# name: basisDer
# type: matrix
# ndims: 4
 12 2 2 49
 -0.4500791640625511
 0
 0.4500791640625511
 0
 -0.02447479210882837
 0
 0.02447479210882837
 0
 0
 0.03719781402313863
 0
 0.03719781402313863
 -1.874712284296482
 0
 -0.04894958421765673
 0
 -0.02350354038903625
 0
 -0.9001583281251022
 0
 0
 0.0362265623033465
 0
 -1.387435306210792
 0
 -1.874712284296482
 0
 -0.9001583281251022
 0
 -0.02350354038903625
 0
 -0.04894958421765673
 -1.387435306210792
 0
 0.0362265623033465
 0
 0
 -0.9373561421482408
 0
 0.02447479210882837
 0
 -0.02447479210882837
 0
 0.9001583281251022
 0.03719781402313863
 0
 0.03719781402313863
 0
 -0.4500791640625511
 0
 0.4500791640625511
 0
 -0.02447479210882837
 0
 0.02447479210882837
 0
 0
 0.03719781402313863
 0
 0.03719781402313863
 -1.675058567282886
 0
 -0.2486033012312522
 0
 -0.119368894030949
 0
 -0.8042929744831895
 0
 0
 0.1839860976311006
 0
 -1.239675770883038
 0
 -1.571270203911204
 0
 -0.5967162477398241
 0
 -0.01558053065926638
 0
 -0.04102657448788686
 -1.083993225825514
 0
 0.02830355257357662
 0
 0
 -0.7019662800058628
 0
 0.1041821091936825
 0
 -0.1041821091936825
 0
 0.5331669672120286
 0.1687993127938341
 0
 0.1687993127938341
 0
 -0.4500791640625511
 0
 0.4500791640625511
 0
 -0.02447479210882837
 0
 0.02447479210882837
 0
 0
 0.03719781402313863
 0
 0.03719781402313863
 -1.352185355370093
 0
 -0.5714765131440456
 0
 -0.2743990888327442
 0
 -0.6492627796813942
 0
 0
 0.4229378009883949
 0
 -1.000724067525744
 0
 -1.080553974887412
 0
 -0.1060000187160325
 0
 -0.002767708350063305
 0
 -0.02821375217868378
 -0.5932769968017222
 0
 0.01549073026437354
 0
 0
 -0.389688933274902
 0
 0.1646949302581459
 0
 -0.1646949302581459
 0
 0.07645529086110545
 0.3132336424137966
 0
 0.3132336424137966
 0
 -0.4500791640625511
 0
 0.4500791640625511
 0
 -0.02447479210882837
 0
 0.02447479210882837
 0
 0
 0.03719781402313863
 0
 0.03719781402313863
 -0.9618309342570692
 0
 -0.9618309342570692
 0
 -0.4618309342570692
 0
 -0.4618309342570692
 0
 0
 0.7118309342570692
 0
 -0.7118309342570692
 0
 -0.4872769780856898
 0
 0.4872769780856898
 0
 0.01272302191431024
 0
 -0.01272302191431024
 0
 0
 -0
 0
 0
 -0.125
 0
 0.125
 0
 -0.125
 0
 -0.25
 0.375
 0
 0.375
 0
 -0.4500791640625511
 0
 0.4500791640625511
 0
 -0.02447479210882837
 0
 0.02447479210882837
 0
 0
 0.03719781402313863
 0
 0.03719781402313863
 -0.5714765131440457
 0
 -1.352185355370093
 0
 -0.6492627796813942
 0
 -0.2743990888327443
 0
 0
 1.000724067525744
 0
 -0.422937800988395
 0
 0.1060000187160323
 0
 1.080553974887412
 0
 0.02821375217868378
 0
 0.002767708350063299
 0.5932769968017221
 0
 -0.01549073026437354
 0
 0
 0.01615621810249516
 0
 -0.03822764543055265
 0
 0.03822764543055265
 0
 -0.3293898605162918
 0.3132336424137966
 0
 0.3132336424137966
 0
 -0.4500791640625511
 0
 0.4500791640625511
 0
 -0.02447479210882837
 0
 0.02447479210882837
 0
 0
 0.03719781402313863
 0
 0.03719781402313863
 -0.2486033012312515
 0
 -1.675058567282887
 0
 -0.8042929744831898
 0
 -0.1193688940309487
 0
 0
 1.239675770883038
 0
 -0.1839860976311001
 0
 0.5967162477398251
 0
 1.571270203911205
 0
 0.04102657448788689
 0
 0.01558053065926641
 1.083993225825515
 0
 -0.02830355257357665
 0
 0
 0.03956490559353087
 0
 -0.2665834836060149
 0
 0.2665834836060149
 0
 -0.2083642183873645
 0.1687993127938337
 0
 0.1687993127938337
 0
 -0.4500791640625511
 0
 0.4500791640625511
 0
 -0.02447479210882837
 0
 0.02447479210882837
 0
 0
 0.03719781402313863
 0
 0.03719781402313863
 -0.04894958421765673
 0
 -1.874712284296482
 0
 -0.9001583281251022
 0
 -0.02350354038903625
 0
 0
 1.387435306210792
 0
 -0.0362265623033465
 0
 0.9001583281251022
 0
 1.874712284296482
 0
 0.04894958421765673
 0
 0.02350354038903625
 1.387435306210792
 0
 -0.0362265623033465
 0
 0
 0.01175177019451813
 0
 -0.4500791640625511
 0
 0.4500791640625511
 0
 -0.04894958421765673
 0.03719781402313863
 0
 0.03719781402313863
 0
 -0.2665834836060143
 0
 0.2665834836060143
 0
 -0.1041821091936825
 0
 0.1041821091936825
 0
 0
 0.1687993127938341
 0
 0.1687993127938341
 -1.571270203911204
 0
 -0.04102657448788686
 0
 -0.01558053065926638
 0
 -0.5967162477398241
 0
 0
 0.02830355257357662
 0
 -1.083993225825514
 0
 -1.675058567282886
 0
 -0.8042929744831895
 0
 -0.119368894030949
 0
 -0.2486033012312522
 -1.239675770883038
 0
 0.1839860976311006
 0
 0
 -0.9373561421482408
 0
 0.02447479210882837
 0
 -0.02447479210882837
 0
 0.9001583281251022
 0.03719781402313863
 0
 0.03719781402313863
 0
 -0.2665834836060143
 0
 0.2665834836060143
 0
 -0.1041821091936825
 0
 0.1041821091936825
 0
 0
 0.1687993127938341
 0
 0.1687993127938341
 -1.403932560011726
 0
 -0.208364218387365
 0
 -0.07912981118706185
 0
 -0.5331669672120286
 0
 0
 0.1437470147872134
 0
 -0.9685497636118772
 0
 -1.403932560011726
 0
 -0.5331669672120286
 0
 -0.07912981118706185
 0
 -0.208364218387365
 -0.9685497636118772
 0
 0.1437470147872134
 0
 0
 -0.7019662800058628
 0
 0.1041821091936825
 0
 -0.1041821091936825
 0
 0.5331669672120286
 0.1687993127938341
 0
 0.1687993127938341
 0
 -0.2665834836060143
 0
 0.2665834836060143
 0
 -0.1041821091936825
 0
 0.1041821091936825
 0
 0
 0.1687993127938341
 0
 0.1687993127938341
 -1.13331980424688
 0
 -0.4789769741522109
 0
 -0.1818995498409095
 0
 -0.430397228558181
 0
 0
 0.3304382619965602
 0
 -0.7818585164025302
 0
 -0.9654767871358815
 0
 -0.09471119433618458
 0
 -0.01405653272991126
 0
 -0.1432909399302144
 -0.530093990736033
 0
 0.07867373633006283
 0
 0
 -0.389688933274902
 0
 0.1646949302581459
 0
 -0.1646949302581459
 0
 0.07645529086110545
 0.3132336424137966
 0
 0.3132336424137966
 0
 -0.2665834836060143
 0
 0.2665834836060143
 0
 -0.1041821091936825
 0
 0.1041821091936825
 0
 0
 0.1687993127938341
 0
 0.1687993127938341
 -0.8061483891995452
 0
 -0.8061483891995452
 0
 -0.3061483891995452
 0
 -0.3061483891995452
 0
 0
 0.5561483891995452
 0
 -0.5561483891995452
 0
 -0.4353827963998484
 0
 0.4353827963998484
 0
 0.06461720360015158
 0
 -0.06461720360015158
 0
 0
 -0
 0
 0
 -0.125
 0
 0.125
 0
 -0.125
 0
 -0.25
 0.375
 0
 0.375
 0
 -0.2665834836060143
 0
 0.2665834836060143
 0
 -0.1041821091936825
 0
 0.1041821091936825
 0
 0
 0.1687993127938341
 0
 0.1687993127938341
 -0.478976974152211
 0
 -1.13331980424688
 0
 -0.430397228558181
 0
 -0.1818995498409095
 0
 0
 0.7818585164025302
 0
 -0.3304382619965603
 0
 0.09471119433618438
 0
 0.9654767871358813
 0
 0.1432909399302144
 0
 0.01405653272991124
 0.5300939907360328
 0
 -0.07867373633006282
 0
 0
 0.01615621810249516
 0
 -0.03822764543055265
 0
 0.03822764543055265
 0
 -0.3293898605162918
 0.3132336424137966
 0
 0.3132336424137966
 0
 -0.2665834836060143
 0
 0.2665834836060143
 0
 -0.1041821091936825
 0
 0.1041821091936825
 0
 0
 0.1687993127938341
 0
 0.1687993127938341
 -0.2083642183873644
 0
 -1.403932560011726
 0
 -0.5331669672120288
 0
 -0.07912981118706161
 0
 0
 0.9685497636118775
 0
 -0.143747014787213
 0
 0.5331669672120296
 0
 1.403932560011727
 0
 0.2083642183873652
 0
 0.07912981118706199
 0.9685497636118782
 0
 -0.1437470147872136
 0
 0
 0.03956490559353087
 0
 -0.2665834836060149
 0
 0.2665834836060149
 0
 -0.2083642183873645
 0.1687993127938337
 0
 0.1687993127938337
 0
 -0.2665834836060143
 0
 0.2665834836060143
 0
 -0.1041821091936825
 0
 0.1041821091936825
 0
 0
 0.1687993127938341
 0
 0.1687993127938341
 -0.04102657448788686
 0
 -1.571270203911204
 0
 -0.5967162477398241
 0
 -0.01558053065926638
 0
 0
 1.083993225825514
 0
 -0.02830355257357662
 0
 0.8042929744831895
 0
 1.675058567282886
 0
 0.2486033012312522
 0
 0.119368894030949
 1.239675770883038
 0
 -0.1839860976311006
 0
 0
 0.01175177019451813
 0
 -0.4500791640625511
 0
 0.4500791640625511
 0
 -0.04894958421765673
 0.03719781402313863
 0
 0.03719781402313863
 0
 -0.03822764543055272
 0
 0.03822764543055272
 0
 -0.1646949302581459
 0
 0.1646949302581459
 0
 0
 0.3132336424137966
 0
 0.3132336424137966
 -1.080553974887412
 0
 -0.02821375217868378
 0
 -0.002767708350063305
 0
 -0.1060000187160325
 0
 0
 0.01549073026437354
 0
 -0.5932769968017222
 0
 -1.352185355370093
 0
 -0.6492627796813942
 0
 -0.2743990888327442
 0
 -0.5714765131440456
 -1.000724067525744
 0
 0.4229378009883949
 0
 0
 -0.9373561421482408
 0
 0.02447479210882837
 0
 -0.02447479210882837
 0
 0.9001583281251022
 0.03719781402313863
 0
 0.03719781402313863
 0
 -0.03822764543055272
 0
 0.03822764543055272
 0
 -0.1646949302581459
 0
 0.1646949302581459
 0
 0
 0.3132336424137966
 0
 0.3132336424137966
 -0.9654767871358815
 0
 -0.1432909399302144
 0
 -0.01405653272991126
 0
 -0.09471119433618458
 0
 0
 0.07867373633006283
 0
 -0.530093990736033
 0
 -1.13331980424688
 0
 -0.430397228558181
 0
 -0.1818995498409095
 0
 -0.4789769741522109
 -0.7818585164025302
 0
 0.3304382619965602
 0
 0
 -0.7019662800058628
 0
 0.1041821091936825
 0
 -0.1041821091936825
 0
 0.5331669672120286
 0.1687993127938341
 0
 0.1687993127938341
 0
 -0.03822764543055272
 0
 0.03822764543055272
 0
 -0.1646949302581459
 0
 0.1646949302581459
 0
 0
 0.3132336424137966
 0
 0.3132336424137966
 -0.779377866549804
 0
 -0.3293898605162918
 0
 -0.03231243620499037
 0
 -0.07645529086110545
 0
 0
 0.1808511483606411
 0
 -0.4279165787054547
 0
 -0.779377866549804
 0
 -0.07645529086110545
 0
 -0.03231243620499037
 0
 -0.3293898605162918
 -0.4279165787054547
 0
 0.1808511483606411
 0
 0
 -0.389688933274902
 0
 0.1646949302581459
 0
 -0.1646949302581459
 0
 0.07645529086110545
 0.3132336424137966
 0
 0.3132336424137966
 0
 -0.03822764543055272
 0
 0.03822764543055272
 0
 -0.1646949302581459
 0
 0.1646949302581459
 0
 0
 0.3132336424137966
 0
 0.3132336424137966
 -0.5543838635330479
 0
 -0.5543838635330479
 0
 -0.05438386353304792
 0
 -0.05438386353304792
 0
 0
 0.3043838635330479
 0
 -0.3043838635330479
 0
 -0.3514612878443493
 0
 0.3514612878443493
 0
 0.1485387121556507
 0
 -0.1485387121556507
 0
 0
 -0
 0
 0
 -0.125
 0
 0.125
 0
 -0.125
 0
 -0.25
 0.375
 0
 0.375
 0
 -0.03822764543055272
 0
 0.03822764543055272
 0
 -0.1646949302581459
 0
 0.1646949302581459
 0
 0
 0.3132336424137966
 0
 0.3132336424137966
 -0.3293898605162918
 0
 -0.779377866549804
 0
 -0.07645529086110545
 0
 -0.03231243620499038
 0
 0
 0.4279165787054547
 0
 -0.1808511483606411
 0
 0.07645529086110529
 0
 0.7793778665498038
 0
 0.3293898605162917
 0
 0.03231243620499031
 0.4279165787054546
 0
 -0.180851148360641
 0
 0
 0.01615621810249516
 0
 -0.03822764543055265
 0
 0.03822764543055265
 0
 -0.3293898605162918
 0.3132336424137966
 0
 0.3132336424137966
 0
 -0.03822764543055272
 0
 0.03822764543055272
 0
 -0.1646949302581459
 0
 0.1646949302581459
 0
 0
 0.3132336424137966
 0
 0.3132336424137966
 -0.143290939930214
 0
 -0.9654767871358818
 0
 -0.09471119433618461
 0
 -0.01405653272991122
 0
 0
 0.5300939907360331
 0
 -0.0786737363300626
 0
 0.4303972285581817
 0
 1.13331980424688
 0
 0.4789769741522112
 0
 0.1818995498409098
 0.7818585164025311
 0
 -0.3304382619965605
 0
 0
 0.03956490559353087
 0
 -0.2665834836060149
 0
 0.2665834836060149
 0
 -0.2083642183873645
 0.1687993127938337
 0
 0.1687993127938337
 0
 -0.03822764543055272
 0
 0.03822764543055272
 0
 -0.1646949302581459
 0
 0.1646949302581459
 0
 0
 0.3132336424137966
 0
 0.3132336424137966
 -0.02821375217868378
 0
 -1.080553974887412
 0
 -0.1060000187160325
 0
 -0.002767708350063305
 0
 0
 0.5932769968017222
 0
 -0.01549073026437354
 0
 0.6492627796813942
 0
 1.352185355370093
 0
 0.5714765131440456
 0
 0.2743990888327442
 1.000724067525744
 0
 -0.4229378009883949
 0
 0
 0.01175177019451813
 0
 -0.4500791640625511
 0
 0.4500791640625511
 0
 -0.04894958421765673
 0.03719781402313863
 0
 0.03719781402313863
 0
 0.125
 0
 -0.125
 0
 -0.125
 0
 0.125
 0
 0
 0.375
 0
 0.375
 -0.4872769780856898
 0
 -0.01272302191431024
 0
 0.01272302191431024
 0
 0.4872769780856898
 0
 0
 -0
 0
 0
 0
 -0.9618309342570692
 0
 -0.4618309342570692
 0
 -0.4618309342570692
 0
 -0.9618309342570692
 -0.7118309342570692
 0
 0.7118309342570692
 0
 0
 -0.9373561421482408
 0
 0.02447479210882837
 0
 -0.02447479210882837
 0
 0.9001583281251022
 0.03719781402313863
 0
 0.03719781402313863
 0
 0.125
 0
 -0.125
 0
 -0.125
 0
 0.125
 0
 0
 0.375
 0
 0.375
 -0.4353827963998484
 0
 -0.06461720360015158
 0
 0.06461720360015158
 0
 0.4353827963998484
 0
 0
 -0
 0
 0
 0
 -0.8061483891995452
 0
 -0.3061483891995452
 0
 -0.3061483891995452
 0
 -0.8061483891995452
 -0.5561483891995452
 0
 0.5561483891995452
 0
 0
 -0.7019662800058628
 0
 0.1041821091936825
 0
 -0.1041821091936825
 0
 0.5331669672120286
 0.1687993127938341
 0
 0.1687993127938341
 0
 0.125
 0
 -0.125
 0
 -0.125
 0
 0.125
 0
 0
 0.375
 0
 0.375
 -0.3514612878443493
 0
 -0.1485387121556507
 0
 0.1485387121556507
 0
 0.3514612878443493
 0
 0
 -0
 0
 0
 0
 -0.5543838635330479
 0
 -0.05438386353304792
 0
 -0.05438386353304792
 0
 -0.5543838635330479
 -0.3043838635330479
 0
 0.3043838635330479
 0
 0
 -0.389688933274902
 0
 0.1646949302581459
 0
 -0.1646949302581459
 0
 0.07645529086110545
 0.3132336424137966
 0
 0.3132336424137966
 0
 0.125
 0
 -0.125
 0
 -0.125
 0
 0.125
 0
 0
 0.375
 0
 0.375
 -0.25
 0
 -0.25
 0
 0.25
 0
 0.25
 0
 0
 -0
 0
 0
 0
 -0.25
 0
 0.25
 0
 0.25
 0
 -0.25
 0
 0
 -0
 0
 0
 -0.125
 0
 0.125
 0
 -0.125
 0
 -0.25
 0.375
 0
 0.375
 0
 0.125
 0
 -0.125
 0
 -0.125
 0
 0.125
 0
 0
 0.375
 0
 0.375
 -0.1485387121556507
 0
 -0.3514612878443493
 0
 0.3514612878443493
 0
 0.1485387121556507
 0
 0
 -0
 0
 0
 0
 0.0543838635330478
 0
 0.5543838635330478
 0
 0.5543838635330478
 0
 0.0543838635330478
 0.3043838635330478
 0
 -0.3043838635330478
 0
 0
 0.01615621810249516
 0
 -0.03822764543055265
 0
 0.03822764543055265
 0
 -0.3293898605162918
 0.3132336424137966
 0
 0.3132336424137966
 0
 0.125
 0
 -0.125
 0
 -0.125
 0
 0.125
 0
 0
 0.375
 0
 0.375
 -0.06461720360015138
 0
 -0.4353827963998486
 0
 0.4353827963998486
 0
 0.06461720360015138
 0
 0
 -0
 0
 0
 0
 0.3061483891995458
 0
 0.8061483891995458
 0
 0.8061483891995458
 0
 0.3061483891995458
 0.5561483891995458
 0
 -0.5561483891995458
 0
 0
 0.03956490559353087
 0
 -0.2665834836060149
 0
 0.2665834836060149
 0
 -0.2083642183873645
 0.1687993127938337
 0
 0.1687993127938337
 0
 0.125
 0
 -0.125
 0
 -0.125
 0
 0.125
 0
 0
 0.375
 0
 0.375
 -0.01272302191431024
 0
 -0.4872769780856898
 0
 0.4872769780856898
 0
 0.01272302191431024
 0
 0
 -0
 0
 0
 0
 0.4618309342570692
 0
 0.9618309342570692
 0
 0.9618309342570692
 0
 0.4618309342570692
 0.7118309342570692
 0
 -0.7118309342570692
 0
 0
 0.01175177019451813
 0
 -0.4500791640625511
 0
 0.4500791640625511
 0
 -0.04894958421765673
 0.03719781402313863
 0
 0.03719781402313863
 0
 0.1646949302581459
 0
 -0.1646949302581459
 0
 0.03822764543055265
 0
 -0.03822764543055265
 0
 0
 0.3132336424137966
 0
 0.3132336424137966
 0.1060000187160323
 0
 0.002767708350063299
 0
 0.02821375217868378
 0
 1.080553974887412
 0
 0
 -0.01549073026437354
 0
 0.5932769968017221
 0
 -0.5714765131440457
 0
 -0.2743990888327443
 0
 -0.6492627796813942
 0
 -1.352185355370093
 -0.422937800988395
 0
 1.000724067525744
 0
 0
 -0.9373561421482408
 0
 0.02447479210882837
 0
 -0.02447479210882837
 0
 0.9001583281251022
 0.03719781402313863
 0
 0.03719781402313863
 0
 0.1646949302581459
 0
 -0.1646949302581459
 0
 0.03822764543055265
 0
 -0.03822764543055265
 0
 0
 0.3132336424137966
 0
 0.3132336424137966
 0.09471119433618438
 0
 0.01405653272991124
 0
 0.1432909399302144
 0
 0.9654767871358813
 0
 0
 -0.07867373633006282
 0
 0.5300939907360328
 0
 -0.478976974152211
 0
 -0.1818995498409095
 0
 -0.430397228558181
 0
 -1.13331980424688
 -0.3304382619965603
 0
 0.7818585164025302
 0
 0
 -0.7019662800058628
 0
 0.1041821091936825
 0
 -0.1041821091936825
 0
 0.5331669672120286
 0.1687993127938341
 0
 0.1687993127938341
 0
 0.1646949302581459
 0
 -0.1646949302581459
 0
 0.03822764543055265
 0
 -0.03822764543055265
 0
 0
 0.3132336424137966
 0
 0.3132336424137966
 0.07645529086110529
 0
 0.03231243620499031
 0
 0.3293898605162917
 0
 0.7793778665498038
 0
 0
 -0.180851148360641
 0
 0.4279165787054546
 0
 -0.3293898605162918
 0
 -0.03231243620499038
 0
 -0.07645529086110545
 0
 -0.779377866549804
 -0.1808511483606411
 0
 0.4279165787054547
 0
 0
 -0.389688933274902
 0
 0.1646949302581459
 0
 -0.1646949302581459
 0
 0.07645529086110545
 0.3132336424137966
 0
 0.3132336424137966
 0
 0.1646949302581459
 0
 -0.1646949302581459
 0
 0.03822764543055265
 0
 -0.03822764543055265
 0
 0
 0.3132336424137966
 0
 0.3132336424137966
 0.0543838635330478
 0
 0.0543838635330478
 0
 0.5543838635330478
 0
 0.5543838635330478
 0
 0
 -0.3043838635330478
 0
 0.3043838635330478
 0
 -0.1485387121556507
 0
 0.1485387121556507
 0
 0.3514612878443493
 0
 -0.3514612878443493
 0
 0
 -0
 0
 0
 -0.125
 0
 0.125
 0
 -0.125
 0
 -0.25
 0.375
 0
 0.375
 0
 0.1646949302581459
 0
 -0.1646949302581459
 0
 0.03822764543055265
 0
 -0.03822764543055265
 0
 0
 0.3132336424137966
 0
 0.3132336424137966
 0.03231243620499032
 0
 0.07645529086110529
 0
 0.7793778665498038
 0
 0.3293898605162918
 0
 0
 -0.4279165787054546
 0
 0.180851148360641
 0
 0.03231243620499032
 0
 0.3293898605162918
 0
 0.7793778665498038
 0
 0.07645529086110529
 0.180851148360641
 0
 -0.4279165787054546
 0
 0
 0.01615621810249516
 0
 -0.03822764543055265
 0
 0.03822764543055265
 0
 -0.3293898605162918
 0.3132336424137966
 0
 0.3132336424137966
 0
 0.1646949302581459
 0
 -0.1646949302581459
 0
 0.03822764543055265
 0
 -0.03822764543055265
 0
 0
 0.3132336424137966
 0
 0.3132336424137966
 0.01405653272991119
 0
 0.09471119433618441
 0
 0.9654767871358817
 0
 0.143290939930214
 0
 0
 -0.530093990736033
 0
 0.07867373633006258
 0
 0.1818995498409099
 0
 0.4789769741522113
 0
 1.13331980424688
 0
 0.4303972285581817
 0.3304382619965606
 0
 -0.7818585164025311
 0
 0
 0.03956490559353087
 0
 -0.2665834836060149
 0
 0.2665834836060149
 0
 -0.2083642183873645
 0.1687993127938337
 0
 0.1687993127938337
 0
 0.1646949302581459
 0
 -0.1646949302581459
 0
 0.03822764543055265
 0
 -0.03822764543055265
 0
 0
 0.3132336424137966
 0
 0.3132336424137966
 0.002767708350063299
 0
 0.1060000187160323
 0
 1.080553974887412
 0
 0.02821375217868378
 0
 0
 -0.5932769968017221
 0
 0.01549073026437354
 0
 0.2743990888327443
 0
 0.5714765131440457
 0
 1.352185355370093
 0
 0.6492627796813942
 0.422937800988395
 0
 -1.000724067525744
 0
 0
 0.01175177019451813
 0
 -0.4500791640625511
 0
 0.4500791640625511
 0
 -0.04894958421765673
 0.03719781402313863
 0
 0.03719781402313863
 0
 0.1041821091936823
 0
 -0.1041821091936823
 0
 0.2665834836060149
 0
 -0.2665834836060149
 0
 0
 0.1687993127938337
 0
 0.1687993127938337
 0.5967162477398251
 0
 0.01558053065926641
 0
 0.04102657448788689
 0
 1.571270203911205
 0
 0
 -0.02830355257357665
 0
 1.083993225825515
 0
 -0.2486033012312515
 0
 -0.1193688940309487
 0
 -0.8042929744831898
 0
 -1.675058567282887
 -0.1839860976311001
 0
 1.239675770883038
 0
 0
 -0.9373561421482408
 0
 0.02447479210882837
 0
 -0.02447479210882837
 0
 0.9001583281251022
 0.03719781402313863
 0
 0.03719781402313863
 0
 0.1041821091936823
 0
 -0.1041821091936823
 0
 0.2665834836060149
 0
 -0.2665834836060149
 0
 0
 0.1687993127938337
 0
 0.1687993127938337
 0.5331669672120296
 0
 0.07912981118706199
 0
 0.2083642183873652
 0
 1.403932560011727
 0
 0
 -0.1437470147872136
 0
 0.9685497636118782
 0
 -0.2083642183873644
 0
 -0.07912981118706161
 0
 -0.5331669672120288
 0
 -1.403932560011726
 -0.143747014787213
 0
 0.9685497636118775
 0
 0
 -0.7019662800058628
 0
 0.1041821091936825
 0
 -0.1041821091936825
 0
 0.5331669672120286
 0.1687993127938341
 0
 0.1687993127938341
 0
 0.1041821091936823
 0
 -0.1041821091936823
 0
 0.2665834836060149
 0
 -0.2665834836060149
 0
 0
 0.1687993127938337
 0
 0.1687993127938337
 0.4303972285581817
 0
 0.1818995498409098
 0
 0.4789769741522112
 0
 1.13331980424688
 0
 0
 -0.3304382619965605
 0
 0.7818585164025311
 0
 -0.143290939930214
 0
 -0.01405653272991122
 0
 -0.09471119433618461
 0
 -0.9654767871358818
 -0.0786737363300626
 0
 0.5300939907360331
 0
 0
 -0.389688933274902
 0
 0.1646949302581459
 0
 -0.1646949302581459
 0
 0.07645529086110545
 0.3132336424137966
 0
 0.3132336424137966
 0
 0.1041821091936823
 0
 -0.1041821091936823
 0
 0.2665834836060149
 0
 -0.2665834836060149
 0
 0
 0.1687993127938337
 0
 0.1687993127938337
 0.3061483891995458
 0
 0.3061483891995458
 0
 0.8061483891995458
 0
 0.8061483891995458
 0
 0
 -0.5561483891995458
 0
 0.5561483891995458
 0
 -0.06461720360015138
 0
 0.06461720360015138
 0
 0.4353827963998486
 0
 -0.4353827963998486
 0
 0
 -0
 0
 0
 -0.125
 0
 0.125
 0
 -0.125
 0
 -0.25
 0.375
 0
 0.375
 0
 0.1041821091936823
 0
 -0.1041821091936823
 0
 0.2665834836060149
 0
 -0.2665834836060149
 0
 0
 0.1687993127938337
 0
 0.1687993127938337
 0.1818995498409099
 0
 0.4303972285581817
 0
 1.13331980424688
 0
 0.4789769741522113
 0
 0
 -0.7818585164025311
 0
 0.3304382619965606
 0
 0.01405653272991119
 0
 0.143290939930214
 0
 0.9654767871358817
 0
 0.09471119433618441
 0.07867373633006258
 0
 -0.530093990736033
 0
 0
 0.01615621810249516
 0
 -0.03822764543055265
 0
 0.03822764543055265
 0
 -0.3293898605162918
 0.3132336424137966
 0
 0.3132336424137966
 0
 0.1041821091936823
 0
 -0.1041821091936823
 0
 0.2665834836060149
 0
 -0.2665834836060149
 0
 0
 0.1687993127938337
 0
 0.1687993127938337
 0.07912981118706175
 0
 0.5331669672120298
 0
 1.403932560011727
 0
 0.2083642183873645
 0
 0
 -0.9685497636118785
 0
 0.1437470147872132
 0
 0.07912981118706175
 0
 0.2083642183873645
 0
 1.403932560011727
 0
 0.5331669672120298
 0.1437470147872132
 0
 -0.9685497636118785
 0
 0
 0.03956490559353087
 0
 -0.2665834836060149
 0
 0.2665834836060149
 0
 -0.2083642183873645
 0.1687993127938337
 0
 0.1687993127938337
 0
 0.1041821091936823
 0
 -0.1041821091936823
 0
 0.2665834836060149
 0
 -0.2665834836060149
 0
 0
 0.1687993127938337
 0
 0.1687993127938337
 0.01558053065926641
 0
 0.5967162477398251
 0
 1.571270203911205
 0
 0.04102657448788689
 0
 0
 -1.083993225825515
 0
 0.02830355257357665
 0
 0.1193688940309487
 0
 0.2486033012312515
 0
 1.675058567282887
 0
 0.8042929744831898
 0.1839860976311001
 0
 -1.239675770883038
 0
 0
 0.01175177019451813
 0
 -0.4500791640625511
 0
 0.4500791640625511
 0
 -0.04894958421765673
 0.03719781402313863
 0
 0.03719781402313863
 0
 0.02447479210882837
 0
 -0.02447479210882837
 0
 0.4500791640625511
 0
 -0.4500791640625511
 0
 0
 0.03719781402313863
 0
 0.03719781402313863
 0.9001583281251022
 0
 0.02350354038903625
 0
 0.04894958421765673
 0
 1.874712284296482
 0
 0
 -0.0362265623033465
 0
 1.387435306210792
 0
 -0.04894958421765673
 0
 -0.02350354038903625
 0
 -0.9001583281251022
 0
 -1.874712284296482
 -0.0362265623033465
 0
 1.387435306210792
 0
 0
 -0.9373561421482408
 0
 0.02447479210882837
 0
 -0.02447479210882837
 0
 0.9001583281251022
 0.03719781402313863
 0
 0.03719781402313863
 0
 0.02447479210882837
 0
 -0.02447479210882837
 0
 0.4500791640625511
 0
 -0.4500791640625511
 0
 0
 0.03719781402313863
 0
 0.03719781402313863
 0.8042929744831895
 0
 0.119368894030949
 0
 0.2486033012312522
 0
 1.675058567282886
 0
 0
 -0.1839860976311006
 0
 1.239675770883038
 0
 -0.04102657448788686
 0
 -0.01558053065926638
 0
 -0.5967162477398241
 0
 -1.571270203911204
 -0.02830355257357662
 0
 1.083993225825514
 0
 0
 -0.7019662800058628
 0
 0.1041821091936825
 0
 -0.1041821091936825
 0
 0.5331669672120286
 0.1687993127938341
 0
 0.1687993127938341
 0
 0.02447479210882837
 0
 -0.02447479210882837
 0
 0.4500791640625511
 0
 -0.4500791640625511
 0
 0
 0.03719781402313863
 0
 0.03719781402313863
 0.6492627796813942
 0
 0.2743990888327442
 0
 0.5714765131440456
 0
 1.352185355370093
 0
 0
 -0.4229378009883949
 0
 1.000724067525744
 0
 -0.02821375217868378
 0
 -0.002767708350063305
 0
 -0.1060000187160325
 0
 -1.080553974887412
 -0.01549073026437354
 0
 0.5932769968017222
 0
 0
 -0.389688933274902
 0
 0.1646949302581459
 0
 -0.1646949302581459
 0
 0.07645529086110545
 0.3132336424137966
 0
 0.3132336424137966
 0
 0.02447479210882837
 0
 -0.02447479210882837
 0
 0.4500791640625511
 0
 -0.4500791640625511
 0
 0
 0.03719781402313863
 0
 0.03719781402313863
 0.4618309342570692
 0
 0.4618309342570692
 0
 0.9618309342570692
 0
 0.9618309342570692
 0
 0
 -0.7118309342570692
 0
 0.7118309342570692
 0
 -0.01272302191431024
 0
 0.01272302191431024
 0
 0.4872769780856898
 0
 -0.4872769780856898
 0
 0
 -0
 0
 0
 -0.125
 0
 0.125
 0
 -0.125
 0
 -0.25
 0.375
 0
 0.375
 0
 0.02447479210882837
 0
 -0.02447479210882837
 0
 0.4500791640625511
 0
 -0.4500791640625511
 0
 0
 0.03719781402313863
 0
 0.03719781402313863
 0.2743990888327443
 0
 0.6492627796813942
 0
 1.352185355370093
 0
 0.5714765131440457
 0
 0
 -1.000724067525744
 0
 0.422937800988395
 0
 0.002767708350063299
 0
 0.02821375217868378
 0
 1.080553974887412
 0
 0.1060000187160323
 0.01549073026437354
 0
 -0.5932769968017221
 0
 0
 0.01615621810249516
 0
 -0.03822764543055265
 0
 0.03822764543055265
 0
 -0.3293898605162918
 0.3132336424137966
 0
 0.3132336424137966
 0
 0.02447479210882837
 0
 -0.02447479210882837
 0
 0.4500791640625511
 0
 -0.4500791640625511
 0
 0
 0.03719781402313863
 0
 0.03719781402313863
 0.1193688940309487
 0
 0.8042929744831898
 0
 1.675058567282887
 0
 0.2486033012312515
 0
 0
 -1.239675770883038
 0
 0.1839860976311001
 0
 0.01558053065926641
 0
 0.04102657448788689
 0
 1.571270203911205
 0
 0.5967162477398251
 0.02830355257357665
 0
 -1.083993225825515
 0
 0
 0.03956490559353087
 0
 -0.2665834836060149
 0
 0.2665834836060149
 0
 -0.2083642183873645
 0.1687993127938337
 0
 0.1687993127938337
 0
 0.02447479210882837
 0
 -0.02447479210882837
 0
 0.4500791640625511
 0
 -0.4500791640625511
 0
 0
 0.03719781402313863
 0
 0.03719781402313863
 0.02350354038903625
 0
 0.9001583281251022
 0
 1.874712284296482
 0
 0.04894958421765673
 0
 0
 -1.387435306210792
 0
 0.0362265623033465
 0
 0.02350354038903625
 0
 0.04894958421765673
 0
 1.874712284296482
 0
 0.9001583281251022
 0.0362265623033465
 0
 -1.387435306210792
 0
 0
 0.01175177019451813
 0
 -0.4500791640625511
 0
 0.4500791640625511
 0
 -0.04894958421765673
 0.03719781402313863
 0
 0.03719781402313863
 0


# name: edgeBasis
# type: matrix
# ndims: 4
 12 2 7 4
 0.9745539561713795
 0
 0.02544604382862048
 0
 0
 0
 0
 0
 0
 0
 0
 -0
 0
 0.9001583281251022
 0
 -0.04894958421765673
 0
 -0
 0
 0
 -0.07439562804627725
 0
 0
 0
 0.8707655927996969
 0
 0.1292344072003032
 0
 0
 0
 0
 0
 0
 0
 0
 -0
 0
 0.5331669672120286
 0
 -0.208364218387365
 0
 -0
 0
 0
 -0.3375986255876682
 0
 0
 0
 0.7029225756886985
 0
 0.2970774243113014
 0
 0
 0
 0
 0
 0
 0
 0
 -0
 0
 0.07645529086110545
 0
 -0.3293898605162918
 0
 -0
 0
 0
 -0.6264672848275932
 0
 0
 0
 0.5
 0
 0.5
 0
 0
 0
 0
 0
 0
 0
 0
 -0
 0
 -0.25
 0
 -0.25
 0
 -0
 0
 -0
 -0.75
 0
 0
 0
 0.2970774243113015
 0
 0.7029225756886985
 0
 0
 0
 0
 0
 0
 0
 0
 -0
 0
 -0.3293898605162918
 0
 0.07645529086110529
 0
 0
 0
 -0
 -0.6264672848275933
 0
 0
 0
 0.1292344072003028
 0
 0.8707655927996972
 0
 0
 0
 0
 0
 0
 0
 0
 -0
 0
 -0.2083642183873645
 0
 0.5331669672120298
 0
 0
 0
 -0
 -0.3375986255876673
 0
 0
 0
 0.02544604382862048
 0
 0.9745539561713795
 0
 0
 0
 0
 0
 0
 0
 0
 -0
 0
 -0.04894958421765673
 0
 0.9001583281251022
 0
 0
 0
 -0
 -0.07439562804627725
 0
 0
 0
 0
 0
 0.9001583281251022
 0
 -0.04894958421765673
 0
 -0
 0
 0
 0.07439562804627725
 0
 -0
 0
 0
 0
 0.9745539561713795
 0
 0.02544604382862048
 0
 0
 -0
 0
 0
 0
 0
 0
 0.5331669672120286
 0
 -0.208364218387365
 0
 -0
 0
 0
 0.3375986255876682
 0
 -0
 0
 0
 0
 0.8707655927996969
 0
 0.1292344072003032
 0
 0
 -0
 0
 0
 0
 0
 0
 0.07645529086110545
 0
 -0.3293898605162918
 0
 -0
 0
 0
 0.6264672848275932
 0
 -0
 0
 0
 0
 0.7029225756886985
 0
 0.2970774243113014
 0
 0
 -0
 0
 0
 0
 -0
 0
 -0.25
 0
 -0.25
 0
 -0
 0
 0
 0.75
 0
 -0
 0
 0
 0
 0.5
 0
 0.5
 0
 0
 -0
 0
 0
 0
 -0
 0
 -0.3293898605162918
 0
 0.07645529086110529
 0
 0
 0
 0
 0.6264672848275933
 0
 -0
 0
 0
 0
 0.2970774243113015
 0
 0.7029225756886985
 0
 0
 -0
 0
 0
 0
 -0
 0
 -0.2083642183873645
 0
 0.5331669672120298
 0
 0
 0
 0
 0.3375986255876673
 0
 -0
 0
 0
 0
 0.1292344072003028
 0
 0.8707655927996972
 0
 0
 -0
 0
 0
 0
 -0
 0
 -0.04894958421765673
 0
 0.9001583281251022
 0
 0
 0
 0
 0.07439562804627725
 0
 -0
 0
 0
 0
 0.02544604382862048
 0
 0.9745539561713795
 0
 0
 -0
 0
 0
 0
 0
 0
 0
 0
 0.9745539561713795
 0
 0.02544604382862048
 0
 0
 0
 0
 -0
 0
 -0
 0
 0
 0
 0.9001583281251022
 0
 -0.04894958421765673
 -0
 0
 0.07439562804627725
 0
 0
 0
 0
 0
 0.8707655927996969
 0
 0.1292344072003032
 0
 0
 0
 0
 -0
 0
 -0
 0
 0
 0
 0.5331669672120286
 0
 -0.208364218387365
 -0
 0
 0.3375986255876682
 0
 0
 0
 0
 0
 0.7029225756886985
 0
 0.2970774243113014
 0
 0
 0
 0
 -0
 0
 -0
 0
 0
 0
 0.07645529086110545
 0
 -0.3293898605162918
 -0
 0
 0.6264672848275932
 0
 0
 0
 0
 0
 0.5
 0
 0.5
 0
 0
 0
 0
 -0
 0
 -0
 0
 -0
 0
 -0.25
 0
 -0.25
 -0
 0
 0.75
 0
 0
 0
 0
 0
 0.2970774243113015
 0
 0.7029225756886985
 0
 0
 0
 0
 -0
 0
 0
 0
 -0
 0
 -0.3293898605162918
 0
 0.07645529086110529
 -0
 0
 0.6264672848275933
 0
 0
 0
 0
 0
 0.1292344072003028
 0
 0.8707655927996972
 0
 0
 0
 0
 -0
 0
 0
 0
 -0
 0
 -0.2083642183873645
 0
 0.5331669672120298
 -0
 0
 0.3375986255876673
 0
 0
 0
 0
 0
 0.02544604382862048
 0
 0.9745539561713795
 0
 0
 0
 0
 -0
 0
 0
 0
 -0
 0
 -0.04894958421765673
 0
 0.9001583281251022
 -0
 0
 0.07439562804627725
 0
 -0.04894958421765673
 0
 -0
 0
 0
 0
 0.9001583281251022
 0
 0
 0
 0
 -0.07439562804627725
 0
 0.02544604382862048
 0
 0
 0
 0
 0
 0.9745539561713795
 -0
 0
 0
 0
 -0.208364218387365
 0
 -0
 0
 0
 0
 0.5331669672120286
 0
 0
 0
 0
 -0.3375986255876682
 0
 0.1292344072003032
 0
 0
 0
 0
 0
 0.8707655927996969
 -0
 0
 0
 0
 -0.3293898605162918
 0
 -0
 0
 0
 0
 0.07645529086110545
 0
 0
 0
 0
 -0.6264672848275932
 0
 0.2970774243113014
 0
 0
 0
 0
 0
 0.7029225756886985
 -0
 0
 0
 0
 -0.25
 0
 -0
 0
 -0
 0
 -0.25
 0
 0
 0
 0
 -0.75
 0
 0.5
 0
 0
 0
 0
 0
 0.5
 -0
 0
 0
 0
 0.07645529086110529
 0
 0
 0
 -0
 0
 -0.3293898605162918
 0
 0
 0
 0
 -0.6264672848275933
 0
 0.7029225756886985
 0
 0
 0
 0
 0
 0.2970774243113015
 -0
 0
 0
 0
 0.5331669672120298
 0
 0
 0
 -0
 0
 -0.2083642183873645
 0
 0
 0
 0
 -0.3375986255876673
 0
 0.8707655927996972
 0
 0
 0
 0
 0
 0.1292344072003028
 -0
 0
 0
 0
 0.9001583281251022
 0
 0
 0
 -0
 0
 -0.04894958421765673
 0
 0
 0
 0
 -0.07439562804627725
 0
 0.9745539561713795
 0
 0
 0
 0
 0
 0.02544604382862048
 -0
 0
 0
 0


