# Created by Octave 3.8.1, Mon Aug 17 16:45:51 2015 PDT <ataicher@ataicher-Inspiron-7548>
# name: basis
# type: matrix
# ndims: 3
 12 2 100
 0.9359511801465503
 0
 0.01237252882831265
 0
 -0.00033377228608879
 0
 -0.02524904725622037
 0
 0
 0.0005039895995950804
 0
 -0.03812556568412814
 0
 0.9359511801465503
 0
 -0.02524904725622037
 0
 -0.00033377228608879
 0
 0.01237252882831265
 -0.03812556568412814
 0
 0.0005039895995950804
 0
 0.884341904685821
 0
 0.06398180428904188
 0
 -0.001726029769821233
 0
 -0.02385678977248793
 0
 0
 0.002606271068143691
 0
 -0.03602328421557953
 0
 0.7340787188908819
 0
 -0.1196983946533328
 0
 -0.001582317400699485
 0
 0.00970393574406962
 -0.1862864700105184
 0
 0.00246255869902194
 0
 0.7963119553486021
 0
 0.1520117536262607
 0
 -0.004100803580598523
 0
 -0.02148201596171064
 0
 0
 0.006192132902412762
 0
 -0.03243742238131046
 0
 0.4302156965623914
 0
 -0.2403297946388476
 0
 -0.003176968388464466
 0
 0.005687108709321085
 -0.3985336811675211
 0
 0.005268297710278699
 0
 0.6796614182940665
 0
 0.2686622906807964
 0
 -0.007247671691916342
 0
 -0.01833514785039283
 0
 0
 0.01094384197324823
 0
 -0.02768571331047499
 0
 0.1061679175296431
 0
 -0.3215730814208536
 0
 -0.004250939904435897
 0
 0.001403455274314364
 -0.6011792140748983
 0
 0.007947110185767775
 0
 0.5447523871445521
 0
 0.4035713218303107
 0
 -0.01088709709683077
 0
 -0.0146957224454784
 0
 0
 0.01643930288785228
 0
 -0.02219025239587094
 0
 -0.156866503717089
 0
 -0.3037985185393491
 0
 -0.00401597434605321
 0
 -0.002073650186682176
 -0.7238091432575121
 0
 0.009568180137074701
 0
 0.4035713218303107
 0
 0.5447523871445521
 0
 -0.0146957224454784
 0
 -0.01088709709683077
 0
 0
 0.02219025239587094
 0
 -0.01643930288785228
 0
 -0.3037985185393491
 0
 -0.156866503717089
 0
 -0.002073650186682176
 0
 -0.00401597434605321
 -0.7238091432575121
 0
 0.009568180137074701
 0
 0.2686622906807964
 0
 0.6796614182940665
 0
 -0.01833514785039283
 0
 -0.007247671691916342
 0
 0
 0.02768571331047499
 0
 -0.01094384197324823
 0
 -0.3215730814208536
 0
 0.1061679175296431
 0
 0.001403455274314364
 0
 -0.004250939904435897
 -0.6011792140748983
 0
 0.007947110185767775
 0
 0.1520117536262608
 0
 0.7963119553486021
 0
 -0.02148201596171064
 0
 -0.004100803580598524
 0
 0
 0.03243742238131046
 0
 -0.006192132902412765
 0
 -0.2403297946388477
 0
 0.4302156965623912
 0
 0.005687108709321083
 0
 -0.003176968388464467
 -0.3985336811675212
 0
 0.0052682977102787
 0
 0.06398180428904188
 0
 0.884341904685821
 0
 -0.02385678977248793
 0
 -0.001726029769821233
 0
 0
 0.03602328421557953
 0
 -0.002606271068143691
 0
 -0.1196983946533328
 0
 0.7340787188908819
 0
 0.00970393574406962
 0
 -0.001582317400699485
 -0.1862864700105184
 0
 0.00246255869902194
 0
 0.01237252882831265
 0
 0.9359511801465503
 0
 -0.02524904725622037
 0
 -0.00033377228608879
 0
 0
 0.03812556568412814
 0
 -0.0005039895995950804
 0
 -0.02524904725622037
 0
 0.9359511801465503
 0
 0.01237252882831265
 0
 -0.00033377228608879
 -0.03812556568412814
 0
 0.0005039895995950804
 0
 0.7340787188908819
 0
 0.00970393574406962
 0
 -0.001582317400699485
 0
 -0.1196983946533328
 0
 0
 0.00246255869902194
 0
 -0.1862864700105184
 0
 0.884341904685821
 0
 -0.02385678977248793
 0
 -0.001726029769821233
 0
 0.06398180428904188
 -0.03602328421557953
 0
 0.002606271068143691
 0
 0.6936008909691662
 0
 0.05018176366578526
 0
 -0.008182605485066939
 0
 -0.1130981065689654
 0
 0
 0.01273457923739484
 0
 -0.1760144494721455
 0
 0.6936008909691662
 0
 -0.1130981065689654
 0
 -0.008182605485066939
 0
 0.05018176366578526
 -0.1760144494721455
 0
 0.01273457923739484
 0
 0.6245578534643932
 0
 0.1192248011705583
 0
 -0.01944071791720196
 0
 -0.1018399941368304
 0
 0
 0.03025556629856567
 0
 -0.1584934624109746
 0
 0.4064931767746163
 0
 -0.2270777716316277
 0
 -0.01642899139568444
 0
 0.02940962849709615
 -0.3765581391007516
 0
 0.02724383977704815
 0
 0.533067315693482
 0
 0.2107153389414696
 0
 -0.03435910502654963
 0
 -0.08692160702748268
 0
 0
 0.05347303451022827
 0
 -0.135275994199312
 0
 0.1003137133605524
 0
 -0.3038412230805439
 0
 -0.02198279824474562
 0
 0.007257659443405107
 -0.5680295965322417
 0
 0.04109672772842426
 0
 0.4272564028448664
 0
 0.3165262517900851
 0
 -0.05161256310788336
 0
 -0.06966814894614896
 0
 0
 0.08032457091349129
 0
 -0.108424457796049
 0
 -0.1482167292709164
 0
 -0.2870467672082554
 0
 -0.02076772567714694
 0
 -0.01072342463285481
 -0.6838975899118319
 0
 0.04947973348275488
 0
 0.3165262517900851
 0
 0.4272564028448664
 0
 -0.06966814894614896
 0
 -0.05161256310788336
 0
 0
 0.108424457796049
 0
 -0.08032457091349129
 0
 -0.2870467672082554
 0
 -0.1482167292709164
 0
 -0.01072342463285481
 0
 -0.02076772567714694
 -0.6838975899118319
 0
 0.04947973348275488
 0
 0.2107153389414696
 0
 0.533067315693482
 0
 -0.08692160702748268
 0
 -0.03435910502654963
 0
 0
 0.135275994199312
 0
 -0.05347303451022827
 0
 -0.3038412230805439
 0
 0.1003137133605524
 0
 0.007257659443405107
 0
 -0.02198279824474562
 -0.5680295965322417
 0
 0.04109672772842426
 0
 0.1192248011705584
 0
 0.6245578534643932
 0
 -0.1018399941368304
 0
 -0.01944071791720197
 0
 0
 0.1584934624109746
 0
 -0.03025556629856568
 0
 -0.2270777716316277
 0
 0.4064931767746162
 0
 0.02940962849709613
 0
 -0.01642899139568445
 -0.3765581391007518
 0
 0.02724383977704816
 0
 0.05018176366578526
 0
 0.6936008909691662
 0
 -0.1130981065689654
 0
 -0.008182605485066939
 0
 0
 0.1760144494721455
 0
 -0.01273457923739484
 0
 -0.1130981065689654
 0
 0.6936008909691662
 0
 0.05018176366578526
 0
 -0.008182605485066939
 -0.1760144494721455
 0
 0.01273457923739484
 0
 0.00970393574406962
 0
 0.7340787188908819
 0
 -0.1196983946533328
 0
 -0.001582317400699485
 0
 0
 0.1862864700105184
 0
 -0.00246255869902194
 0
 -0.02385678977248793
 0
 0.884341904685821
 0
 0.06398180428904188
 0
 -0.001726029769821233
 -0.03602328421557953
 0
 0.002606271068143691
 0
 0.4302156965623914
 0
 0.005687108709321085
 0
 -0.003176968388464466
 0
 -0.2403297946388476
 0
 0
 0.005268297710278699
 0
 -0.3985336811675211
 0
 0.7963119553486021
 0
 -0.02148201596171064
 0
 -0.004100803580598523
 0
 0.1520117536262607
 -0.03243742238131046
 0
 0.006192132902412762
 0
 0.4064931767746163
 0
 0.02940962849709615
 0
 -0.01642899139568444
 0
 -0.2270777716316277
 0
 0
 0.02724383977704815
 0
 -0.3765581391007516
 0
 0.6245578534643932
 0
 -0.1018399941368304
 0
 -0.01944071791720196
 0
 0.1192248011705583
 -0.1584934624109746
 0
 0.03025556629856567
 0
 0.3660296710108502
 0
 0.06987313426086227
 0
 -0.03903296914051656
 0
 -0.2044737938867955
 0
 0
 0.064727525365071
 0
 -0.3390744535127287
 0
 0.3660296710108502
 0
 -0.2044737938867955
 0
 -0.03903296914051656
 0
 0.06987313426086227
 -0.3390744535127287
 0
 0.064727525365071
 0
 0.3124105366822453
 0
 0.1234922685894671
 0
 -0.06898602674597651
 0
 -0.1745207362813356
 0
 0
 0.1143980305459429
 0
 -0.2894039483318568
 0
 0.09032819638101384
 0
 -0.2735959894976783
 0
 -0.0522280318276112
 0
 0.01724317642294365
 -0.5114862886330883
 0
 0.09764003562757763
 0
 0.2503987736333887
 0
 0.1855040316383238
 0
 -0.1036274273220322
 0
 -0.1398793357052799
 0
 0
 0.1718431130964464
 0
 -0.2319588657813534
 0
 -0.1334628076264565
 0
 -0.2584733023064283
 0
 -0.04934119057897399
 0
 -0.02547734627731475
 -0.6158204470411985
 0
 0.1175568763533882
 0
 0.1855040316383238
 0
 0.2503987736333887
 0
 -0.1398793357052799
 0
 -0.1036274273220322
 0
 0
 0.2319588657813534
 0
 -0.1718431130964464
 0
 -0.2584733023064283
 0
 -0.1334628076264565
 0
 -0.02547734627731475
 0
 -0.04934119057897399
 -0.6158204470411985
 0
 0.1175568763533882
 0
 0.1234922685894671
 0
 0.3124105366822453
 0
 -0.1745207362813356
 0
 -0.06898602674597651
 0
 0
 0.2894039483318568
 0
 -0.1143980305459429
 0
 -0.2735959894976783
 0
 0.09032819638101384
 0
 0.01724317642294365
 0
 -0.0522280318276112
 -0.5114862886330883
 0
 0.09764003562757763
 0
 0.06987313426086229
 0
 0.3660296710108502
 0
 -0.2044737938867955
 0
 -0.03903296914051657
 0
 0
 0.3390744535127287
 0
 -0.06472752536507102
 0
 -0.2044737938867956
 0
 0.36602967101085
 0
 0.06987313426086224
 0
 -0.03903296914051657
 -0.3390744535127289
 0
 0.06472752536507102
 0
 0.02940962849709615
 0
 0.4064931767746163
 0
 -0.2270777716316277
 0
 -0.01642899139568444
 0
 0
 0.3765581391007516
 0
 -0.02724383977704815
 0
 -0.1018399941368304
 0
 0.6245578534643932
 0
 0.1192248011705583
 0
 -0.01944071791720196
 -0.1584934624109746
 0
 0.03025556629856567
 0
 0.005687108709321085
 0
 0.4302156965623914
 0
 -0.2403297946388476
 0
 -0.003176968388464466
 0
 0
 0.3985336811675211
 0
 -0.005268297710278699
 0
 -0.02148201596171064
 0
 0.7963119553486021
 0
 0.1520117536262607
 0
 -0.004100803580598523
 -0.03243742238131046
 0
 0.006192132902412762
 0
 0.1061679175296431
 0
 0.001403455274314364
 0
 -0.004250939904435897
 0
 -0.3215730814208536
 0
 0
 0.007947110185767775
 0
 -0.6011792140748983
 0
 0.6796614182940665
 0
 -0.01833514785039283
 0
 -0.007247671691916342
 0
 0.2686622906807964
 -0.02768571331047499
 0
 0.01094384197324823
 0
 0.1003137133605524
 0
 0.007257659443405107
 0
 -0.02198279824474562
 0
 -0.3038412230805439
 0
 0
 0.04109672772842426
 0
 -0.5680295965322417
 0
 0.533067315693482
 0
 -0.08692160702748268
 0
 -0.03435910502654963
 0
 0.2107153389414696
 -0.135275994199312
 0
 0.05347303451022827
 0
 0.09032819638101384
 0
 0.01724317642294365
 0
 -0.0522280318276112
 0
 -0.2735959894976783
 0
 0
 0.09764003562757763
 0
 -0.5114862886330883
 0
 0.3124105366822453
 0
 -0.1745207362813356
 0
 -0.06898602674597651
 0
 0.1234922685894671
 -0.2894039483318568
 0
 0.1143980305459429
 0
 0.0770961551586764
 0
 0.03047521764528109
 0
 -0.09230669559311974
 0
 -0.2335173257321697
 0
 0
 0.1725668904416076
 0
 -0.4365594338190584
 0
 0.0770961551586764
 0
 -0.2335173257321697
 0
 -0.09230669559311974
 0
 0.03047521764528109
 -0.4365594338190584
 0
 0.1725668904416076
 0
 0.06179299491174664
 0
 0.04577837789221086
 0
 -0.1386585927630751
 0
 -0.1871654285622144
 0
 0
 0.2592215226900244
 0
 -0.3499048015706416
 0
 -0.1139120422739296
 0
 -0.2206099381740828
 0
 -0.08720455471131956
 0
 -0.04502811162984156
 -0.5256098387563179
 0
 0.2077674846382688
 0
 0.04577837789221086
 0
 0.06179299491174664
 0
 -0.1871654285622144
 0
 -0.1386585927630751
 0
 0
 0.3499048015706416
 0
 -0.2592215226900244
 0
 -0.2206099381740828
 0
 -0.1139120422739296
 0
 -0.04502811162984156
 0
 -0.08720455471131956
 -0.5256098387563179
 0
 0.2077674846382688
 0
 0.03047521764528109
 0
 0.0770961551586764
 0
 -0.2335173257321697
 0
 -0.09230669559311974
 0
 0
 0.4365594338190584
 0
 -0.1725668904416076
 0
 -0.2335173257321697
 0
 0.0770961551586764
 0
 0.03047521764528109
 0
 -0.09230669559311974
 -0.4365594338190584
 0
 0.1725668904416076
 0
 0.01724317642294366
 0
 0.09032819638101384
 0
 -0.2735959894976783
 0
 -0.05222803182761121
 0
 0
 0.5114862886330883
 0
 -0.09764003562757767
 0
 -0.1745207362813356
 0
 0.3124105366822452
 0
 0.1234922685894671
 0
 -0.06898602674597652
 -0.289403948331857
 0
 0.114398030545943
 0
 0.007257659443405107
 0
 0.1003137133605524
 0
 -0.3038412230805439
 0
 -0.02198279824474562
 0
 0
 0.5680295965322417
 0
 -0.04109672772842426
 0
 -0.08692160702748268
 0
 0.533067315693482
 0
 0.2107153389414696
 0
 -0.03435910502654963
 -0.135275994199312
 0
 0.05347303451022827
 0
 0.001403455274314364
 0
 0.1061679175296431
 0
 -0.3215730814208536
 0
 -0.004250939904435897
 0
 0
 0.6011792140748983
 0
 -0.007947110185767775
 0
 -0.01833514785039283
 0
 0.6796614182940665
 0
 0.2686622906807964
 0
 -0.007247671691916342
 -0.02768571331047499
 0
 0.01094384197324823
 0
 -0.156866503717089
 0
 -0.002073650186682176
 0
 -0.00401597434605321
 0
 -0.3037985185393491
 0
 0
 0.009568180137074701
 0
 -0.7238091432575121
 0
 0.5447523871445521
 0
 -0.0146957224454784
 0
 -0.01088709709683077
 0
 0.4035713218303107
 -0.02219025239587094
 0
 0.01643930288785228
 0
 -0.1482167292709164
 0
 -0.01072342463285481
 0
 -0.02076772567714694
 0
 -0.2870467672082554
 0
 0
 0.04947973348275488
 0
 -0.6838975899118319
 0
 0.4272564028448664
 0
 -0.06966814894614896
 0
 -0.05161256310788336
 0
 0.3165262517900851
 -0.108424457796049
 0
 0.08032457091349129
 0
 -0.1334628076264565
 0
 -0.02547734627731475
 0
 -0.04934119057897399
 0
 -0.2584733023064283
 0
 0
 0.1175568763533882
 0
 -0.6158204470411985
 0
 0.2503987736333887
 0
 -0.1398793357052799
 0
 -0.1036274273220322
 0
 0.1855040316383238
 -0.2319588657813534
 0
 0.1718431130964464
 0
 -0.1139120422739296
 0
 -0.04502811162984156
 0
 -0.08720455471131956
 0
 -0.2206099381740828
 0
 0
 0.2077674846382688
 0
 -0.5256098387563179
 0
 0.06179299491174664
 0
 -0.1871654285622144
 0
 -0.1386585927630751
 0
 0.04577837789221086
 -0.3499048015706416
 0
 0.2592215226900244
 0
 -0.09130113212691694
 0
 -0.06763902177685427
 0
 -0.130994406864061
 0
 -0.1768200860213413
 0
 0
 0.3120981295750499
 0
 -0.4212791938195369
 0
 -0.09130113212691694
 0
 -0.1768200860213413
 0
 -0.130994406864061
 0
 -0.06763902177685427
 -0.4212791938195369
 0
 0.3120981295750499
 0
 -0.06763902177685427
 0
 -0.09130113212691694
 0
 -0.1768200860213413
 0
 -0.130994406864061
 0
 0
 0.4212791938195369
 0
 -0.3120981295750499
 0
 -0.1768200860213413
 0
 -0.09130113212691694
 0
 -0.06763902177685427
 0
 -0.130994406864061
 -0.4212791938195369
 0
 0.3120981295750499
 0
 -0.04502811162984156
 0
 -0.1139120422739296
 0
 -0.2206099381740828
 0
 -0.08720455471131956
 0
 0
 0.5256098387563179
 0
 -0.2077674846382688
 0
 -0.1871654285622144
 0
 0.06179299491174664
 0
 0.04577837789221086
 0
 -0.1386585927630751
 -0.3499048015706416
 0
 0.2592215226900244
 0
 -0.02547734627731475
 0
 -0.1334628076264565
 0
 -0.2584733023064283
 0
 -0.04934119057897401
 0
 0
 0.6158204470411985
 0
 -0.1175568763533883
 0
 -0.13987933570528
 0
 0.2503987736333886
 0
 0.1855040316383237
 0
 -0.1036274273220322
 -0.2319588657813535
 0
 0.1718431130964465
 0
 -0.01072342463285481
 0
 -0.1482167292709164
 0
 -0.2870467672082554
 0
 -0.02076772567714694
 0
 0
 0.6838975899118319
 0
 -0.04947973348275488
 0
 -0.06966814894614896
 0
 0.4272564028448664
 0
 0.3165262517900851
 0
 -0.05161256310788336
 -0.108424457796049
 0
 0.08032457091349129
 0
 -0.002073650186682176
 0
 -0.156866503717089
 0
 -0.3037985185393491
 0
 -0.00401597434605321
 0
 0
 0.7238091432575121
 0
 -0.009568180137074701
 0
 -0.0146957224454784
 0
 0.5447523871445521
 0
 0.4035713218303107
 0
 -0.01088709709683077
 -0.02219025239587094
 0
 0.01643930288785228
 0
 -0.3037985185393491
 0
 -0.00401597434605321
 0
 -0.002073650186682176
 0
 -0.156866503717089
 0
 0
 0.009568180137074701
 0
 -0.7238091432575121
 0
 0.4035713218303107
 0
 -0.01088709709683077
 0
 -0.0146957224454784
 0
 0.5447523871445521
 -0.01643930288785228
 0
 0.02219025239587094
 0
 -0.2870467672082554
 0
 -0.02076772567714694
 0
 -0.01072342463285481
 0
 -0.1482167292709164
 0
 0
 0.04947973348275488
 0
 -0.6838975899118319
 0
 0.3165262517900851
 0
 -0.05161256310788336
 0
 -0.06966814894614896
 0
 0.4272564028448664
 -0.08032457091349129
 0
 0.108424457796049
 0
 -0.2584733023064283
 0
 -0.04934119057897399
 0
 -0.02547734627731475
 0
 -0.1334628076264565
 0
 0
 0.1175568763533882
 0
 -0.6158204470411985
 0
 0.1855040316383238
 0
 -0.1036274273220322
 0
 -0.1398793357052799
 0
 0.2503987736333887
 -0.1718431130964464
 0
 0.2319588657813534
 0
 -0.2206099381740828
 0
 -0.08720455471131956
 0
 -0.04502811162984156
 0
 -0.1139120422739296
 0
 0
 0.2077674846382688
 0
 -0.5256098387563179
 0
 0.04577837789221086
 0
 -0.1386585927630751
 0
 -0.1871654285622144
 0
 0.06179299491174664
 -0.2592215226900244
 0
 0.3499048015706416
 0
 -0.1768200860213413
 0
 -0.130994406864061
 0
 -0.06763902177685427
 0
 -0.09130113212691694
 0
 0
 0.3120981295750499
 0
 -0.4212791938195369
 0
 -0.06763902177685427
 0
 -0.130994406864061
 0
 -0.1768200860213413
 0
 -0.09130113212691694
 -0.3120981295750499
 0
 0.4212791938195369
 0
 -0.130994406864061
 0
 -0.1768200860213413
 0
 -0.09130113212691694
 0
 -0.06763902177685427
 0
 0
 0.4212791938195369
 0
 -0.3120981295750499
 0
 -0.130994406864061
 0
 -0.06763902177685427
 0
 -0.09130113212691694
 0
 -0.1768200860213413
 -0.3120981295750499
 0
 0.4212791938195369
 0
 -0.08720455471131956
 0
 -0.2206099381740828
 0
 -0.1139120422739296
 0
 -0.04502811162984156
 0
 0
 0.5256098387563179
 0
 -0.2077674846382688
 0
 -0.1386585927630751
 0
 0.04577837789221086
 0
 0.06179299491174664
 0
 -0.1871654285622144
 -0.2592215226900244
 0
 0.3499048015706416
 0
 -0.04934119057897401
 0
 -0.2584733023064283
 0
 -0.1334628076264565
 0
 -0.02547734627731475
 0
 0
 0.6158204470411985
 0
 -0.1175568763533883
 0
 -0.1036274273220322
 0
 0.1855040316383237
 0
 0.2503987736333886
 0
 -0.13987933570528
 -0.1718431130964465
 0
 0.2319588657813535
 0
 -0.02076772567714694
 0
 -0.2870467672082554
 0
 -0.1482167292709164
 0
 -0.01072342463285481
 0
 0
 0.6838975899118319
 0
 -0.04947973348275488
 0
 -0.05161256310788336
 0
 0.3165262517900851
 0
 0.4272564028448664
 0
 -0.06966814894614896
 -0.08032457091349129
 0
 0.108424457796049
 0
 -0.00401597434605321
 0
 -0.3037985185393491
 0
 -0.156866503717089
 0
 -0.002073650186682176
 0
 0
 0.7238091432575121
 0
 -0.009568180137074701
 0
 -0.01088709709683077
 0
 0.4035713218303107
 0
 0.5447523871445521
 0
 -0.0146957224454784
 -0.01643930288785228
 0
 0.02219025239587094
 0
 -0.3215730814208536
 0
 -0.004250939904435897
 0
 0.001403455274314364
 0
 0.1061679175296431
 0
 0
 0.007947110185767775
 0
 -0.6011792140748983
 0
 0.2686622906807964
 0
 -0.007247671691916342
 0
 -0.01833514785039283
 0
 0.6796614182940665
 -0.01094384197324823
 0
 0.02768571331047499
 0
 -0.3038412230805439
 0
 -0.02198279824474562
 0
 0.007257659443405107
 0
 0.1003137133605524
 0
 0
 0.04109672772842426
 0
 -0.5680295965322417
 0
 0.2107153389414696
 0
 -0.03435910502654963
 0
 -0.08692160702748268
 0
 0.533067315693482
 -0.05347303451022827
 0
 0.135275994199312
 0
 -0.2735959894976783
 0
 -0.0522280318276112
 0
 0.01724317642294365
 0
 0.09032819638101384
 0
 0
 0.09764003562757763
 0
 -0.5114862886330883
 0
 0.1234922685894671
 0
 -0.06898602674597651
 0
 -0.1745207362813356
 0
 0.3124105366822453
 -0.1143980305459429
 0
 0.2894039483318568
 0
 -0.2335173257321697
 0
 -0.09230669559311974
 0
 0.03047521764528109
 0
 0.0770961551586764
 0
 0
 0.1725668904416076
 0
 -0.4365594338190584
 0
 0.03047521764528109
 0
 -0.09230669559311974
 0
 -0.2335173257321697
 0
 0.0770961551586764
 -0.1725668904416076
 0
 0.4365594338190584
 0
 -0.1871654285622144
 0
 -0.1386585927630751
 0
 0.04577837789221086
 0
 0.06179299491174664
 0
 0
 0.2592215226900244
 0
 -0.3499048015706416
 0
 -0.04502811162984156
 0
 -0.08720455471131956
 0
 -0.2206099381740828
 0
 -0.1139120422739296
 -0.2077674846382688
 0
 0.5256098387563179
 0
 -0.1386585927630751
 0
 -0.1871654285622144
 0
 0.06179299491174664
 0
 0.04577837789221086
 0
 0
 0.3499048015706416
 0
 -0.2592215226900244
 0
 -0.08720455471131956
 0
 -0.04502811162984156
 0
 -0.1139120422739296
 0
 -0.2206099381740828
 -0.2077674846382688
 0
 0.5256098387563179
 0
 -0.09230669559311974
 0
 -0.2335173257321697
 0
 0.0770961551586764
 0
 0.03047521764528109
 0
 0
 0.4365594338190584
 0
 -0.1725668904416076
 0
 -0.09230669559311974
 0
 0.03047521764528109
 0
 0.0770961551586764
 0
 -0.2335173257321697
 -0.1725668904416076
 0
 0.4365594338190584
 0
 -0.05222803182761121
 0
 -0.2735959894976783
 0
 0.09032819638101384
 0
 0.01724317642294366
 0
 0
 0.5114862886330883
 0
 -0.09764003562757767
 0
 -0.06898602674597652
 0
 0.1234922685894671
 0
 0.3124105366822452
 0
 -0.1745207362813356
 -0.114398030545943
 0
 0.289403948331857
 0
 -0.02198279824474562
 0
 -0.3038412230805439
 0
 0.1003137133605524
 0
 0.007257659443405107
 0
 0
 0.5680295965322417
 0
 -0.04109672772842426
 0
 -0.03435910502654963
 0
 0.2107153389414696
 0
 0.533067315693482
 0
 -0.08692160702748268
 -0.05347303451022827
 0
 0.135275994199312
 0
 -0.004250939904435897
 0
 -0.3215730814208536
 0
 0.1061679175296431
 0
 0.001403455274314364
 0
 0
 0.6011792140748983
 0
 -0.007947110185767775
 0
 -0.007247671691916342
 0
 0.2686622906807964
 0
 0.6796614182940665
 0
 -0.01833514785039283
 -0.01094384197324823
 0
 0.02768571331047499
 0
 -0.2403297946388477
 0
 -0.003176968388464467
 0
 0.005687108709321083
 0
 0.4302156965623912
 0
 0
 0.0052682977102787
 0
 -0.3985336811675212
 0
 0.1520117536262608
 0
 -0.004100803580598524
 0
 -0.02148201596171064
 0
 0.7963119553486021
 -0.006192132902412765
 0
 0.03243742238131046
 0
 -0.2270777716316277
 0
 -0.01642899139568445
 0
 0.02940962849709613
 0
 0.4064931767746162
 0
 0
 0.02724383977704816
 0
 -0.3765581391007518
 0
 0.1192248011705584
 0
 -0.01944071791720197
 0
 -0.1018399941368304
 0
 0.6245578534643932
 -0.03025556629856568
 0
 0.1584934624109746
 0
 -0.2044737938867956
 0
 -0.03903296914051657
 0
 0.06987313426086224
 0
 0.36602967101085
 0
 0
 0.06472752536507102
 0
 -0.3390744535127289
 0
 0.06987313426086229
 0
 -0.03903296914051657
 0
 -0.2044737938867955
 0
 0.3660296710108502
 -0.06472752536507102
 0
 0.3390744535127287
 0
 -0.1745207362813356
 0
 -0.06898602674597652
 0
 0.1234922685894671
 0
 0.3124105366822452
 0
 0
 0.114398030545943
 0
 -0.289403948331857
 0
 0.01724317642294366
 0
 -0.05222803182761121
 0
 -0.2735959894976783
 0
 0.09032819638101384
 -0.09764003562757767
 0
 0.5114862886330883
 0
 -0.13987933570528
 0
 -0.1036274273220322
 0
 0.1855040316383237
 0
 0.2503987736333886
 0
 0
 0.1718431130964465
 0
 -0.2319588657813535
 0
 -0.02547734627731475
 0
 -0.04934119057897401
 0
 -0.2584733023064283
 0
 -0.1334628076264565
 -0.1175568763533883
 0
 0.6158204470411985
 0
 -0.1036274273220322
 0
 -0.13987933570528
 0
 0.2503987736333886
 0
 0.1855040316383237
 0
 0
 0.2319588657813535
 0
 -0.1718431130964465
 0
 -0.04934119057897401
 0
 -0.02547734627731475
 0
 -0.1334628076264565
 0
 -0.2584733023064283
 -0.1175568763533883
 0
 0.6158204470411985
 0
 -0.06898602674597652
 0
 -0.1745207362813356
 0
 0.3124105366822452
 0
 0.1234922685894671
 0
 0
 0.289403948331857
 0
 -0.114398030545943
 0
 -0.05222803182761121
 0
 0.01724317642294366
 0
 0.09032819638101384
 0
 -0.2735959894976783
 -0.09764003562757767
 0
 0.5114862886330883
 0
 -0.03903296914051658
 0
 -0.2044737938867956
 0
 0.36602967101085
 0
 0.06987313426086227
 0
 0
 0.3390744535127289
 0
 -0.06472752536507105
 0
 -0.03903296914051658
 0
 0.06987313426086227
 0
 0.36602967101085
 0
 -0.2044737938867956
 -0.06472752536507105
 0
 0.3390744535127289
 0
 -0.01642899139568445
 0
 -0.2270777716316277
 0
 0.4064931767746162
 0
 0.02940962849709613
 0
 0
 0.3765581391007518
 0
 -0.02724383977704816
 0
 -0.01944071791720197
 0
 0.1192248011705584
 0
 0.6245578534643932
 0
 -0.1018399941368304
 -0.03025556629856568
 0
 0.1584934624109746
 0
 -0.003176968388464467
 0
 -0.2403297946388477
 0
 0.4302156965623912
 0
 0.005687108709321083
 0
 0
 0.3985336811675212
 0
 -0.0052682977102787
 0
 -0.004100803580598524
 0
 0.1520117536262608
 0
 0.7963119553486021
 0
 -0.02148201596171064
 -0.006192132902412765
 0
 0.03243742238131046
 0
 -0.1196983946533328
 0
 -0.001582317400699485
 0
 0.00970393574406962
 0
 0.7340787188908819
 0
 0
 0.00246255869902194
 0
 -0.1862864700105184
 0
 0.06398180428904188
 0
 -0.001726029769821233
 0
 -0.02385678977248793
 0
 0.884341904685821
 -0.002606271068143691
 0
 0.03602328421557953
 0
 -0.1130981065689654
 0
 -0.008182605485066939
 0
 0.05018176366578526
 0
 0.6936008909691662
 0
 0
 0.01273457923739484
 0
 -0.1760144494721455
 0
 0.05018176366578526
 0
 -0.008182605485066939
 0
 -0.1130981065689654
 0
 0.6936008909691662
 -0.01273457923739484
 0
 0.1760144494721455
 0
 -0.1018399941368304
 0
 -0.01944071791720196
 0
 0.1192248011705583
 0
 0.6245578534643932
 0
 0
 0.03025556629856567
 0
 -0.1584934624109746
 0
 0.02940962849709615
 0
 -0.01642899139568444
 0
 -0.2270777716316277
 0
 0.4064931767746163
 -0.02724383977704815
 0
 0.3765581391007516
 0
 -0.08692160702748268
 0
 -0.03435910502654963
 0
 0.2107153389414696
 0
 0.533067315693482
 0
 0
 0.05347303451022827
 0
 -0.135275994199312
 0
 0.007257659443405107
 0
 -0.02198279824474562
 0
 -0.3038412230805439
 0
 0.1003137133605524
 -0.04109672772842426
 0
 0.5680295965322417
 0
 -0.06966814894614896
 0
 -0.05161256310788336
 0
 0.3165262517900851
 0
 0.4272564028448664
 0
 0
 0.08032457091349129
 0
 -0.108424457796049
 0
 -0.01072342463285481
 0
 -0.02076772567714694
 0
 -0.2870467672082554
 0
 -0.1482167292709164
 -0.04947973348275488
 0
 0.6838975899118319
 0
 -0.05161256310788336
 0
 -0.06966814894614896
 0
 0.4272564028448664
 0
 0.3165262517900851
 0
 0
 0.108424457796049
 0
 -0.08032457091349129
 0
 -0.02076772567714694
 0
 -0.01072342463285481
 0
 -0.1482167292709164
 0
 -0.2870467672082554
 -0.04947973348275488
 0
 0.6838975899118319
 0
 -0.03435910502654963
 0
 -0.08692160702748268
 0
 0.533067315693482
 0
 0.2107153389414696
 0
 0
 0.135275994199312
 0
 -0.05347303451022827
 0
 -0.02198279824474562
 0
 0.007257659443405107
 0
 0.1003137133605524
 0
 -0.3038412230805439
 -0.04109672772842426
 0
 0.5680295965322417
 0
 -0.01944071791720197
 0
 -0.1018399941368304
 0
 0.6245578534643932
 0
 0.1192248011705584
 0
 0
 0.1584934624109746
 0
 -0.03025556629856568
 0
 -0.01642899139568445
 0
 0.02940962849709613
 0
 0.4064931767746162
 0
 -0.2270777716316277
 -0.02724383977704816
 0
 0.3765581391007518
 0
 -0.008182605485066939
 0
 -0.1130981065689654
 0
 0.6936008909691662
 0
 0.05018176366578526
 0
 0
 0.1760144494721455
 0
 -0.01273457923739484
 0
 -0.008182605485066939
 0
 0.05018176366578526
 0
 0.6936008909691662
 0
 -0.1130981065689654
 -0.01273457923739484
 0
 0.1760144494721455
 0
 -0.001582317400699485
 0
 -0.1196983946533328
 0
 0.7340787188908819
 0
 0.00970393574406962
 0
 0
 0.1862864700105184
 0
 -0.00246255869902194
 0
 -0.001726029769821233
 0
 0.06398180428904188
 0
 0.884341904685821
 0
 -0.02385678977248793
 -0.002606271068143691
 0
 0.03602328421557953
 0
 -0.02524904725622037
 0
 -0.00033377228608879
 0
 0.01237252882831265
 0
 0.9359511801465503
 0
 0
 0.0005039895995950804
 0
 -0.03812556568412814
 0
 0.01237252882831265
 0
 -0.00033377228608879
 0
 -0.02524904725622037
 0
 0.9359511801465503
 -0.0005039895995950804
 0
 0.03812556568412814
 0
 -0.02385678977248793
 0
 -0.001726029769821233
 0
 0.06398180428904188
 0
 0.884341904685821
 0
 0
 0.002606271068143691
 0
 -0.03602328421557953
 0
 0.00970393574406962
 0
 -0.001582317400699485
 0
 -0.1196983946533328
 0
 0.7340787188908819
 -0.00246255869902194
 0
 0.1862864700105184
 0
 -0.02148201596171064
 0
 -0.004100803580598523
 0
 0.1520117536262607
 0
 0.7963119553486021
 0
 0
 0.006192132902412762
 0
 -0.03243742238131046
 0
 0.005687108709321085
 0
 -0.003176968388464466
 0
 -0.2403297946388476
 0
 0.4302156965623914
 -0.005268297710278699
 0
 0.3985336811675211
 0
 -0.01833514785039283
 0
 -0.007247671691916342
 0
 0.2686622906807964
 0
 0.6796614182940665
 0
 0
 0.01094384197324823
 0
 -0.02768571331047499
 0
 0.001403455274314364
 0
 -0.004250939904435897
 0
 -0.3215730814208536
 0
 0.1061679175296431
 -0.007947110185767775
 0
 0.6011792140748983
 0
 -0.0146957224454784
 0
 -0.01088709709683077
 0
 0.4035713218303107
 0
 0.5447523871445521
 0
 0
 0.01643930288785228
 0
 -0.02219025239587094
 0
 -0.002073650186682176
 0
 -0.00401597434605321
 0
 -0.3037985185393491
 0
 -0.156866503717089
 -0.009568180137074701
 0
 0.7238091432575121
 0
 -0.01088709709683077
 0
 -0.0146957224454784
 0
 0.5447523871445521
 0
 0.4035713218303107
 0
 0
 0.02219025239587094
 0
 -0.01643930288785228
 0
 -0.00401597434605321
 0
 -0.002073650186682176
 0
 -0.156866503717089
 0
 -0.3037985185393491
 -0.009568180137074701
 0
 0.7238091432575121
 0
 -0.007247671691916342
 0
 -0.01833514785039283
 0
 0.6796614182940665
 0
 0.2686622906807964
 0
 0
 0.02768571331047499
 0
 -0.01094384197324823
 0
 -0.004250939904435897
 0
 0.001403455274314364
 0
 0.1061679175296431
 0
 -0.3215730814208536
 -0.007947110185767775
 0
 0.6011792140748983
 0
 -0.004100803580598524
 0
 -0.02148201596171064
 0
 0.7963119553486021
 0
 0.1520117536262608
 0
 0
 0.03243742238131046
 0
 -0.006192132902412765
 0
 -0.003176968388464467
 0
 0.005687108709321083
 0
 0.4302156965623912
 0
 -0.2403297946388477
 -0.0052682977102787
 0
 0.3985336811675212
 0
 -0.001726029769821233
 0
 -0.02385678977248793
 0
 0.884341904685821
 0
 0.06398180428904188
 0
 0
 0.03602328421557953
 0
 -0.002606271068143691
 0
 -0.001582317400699485
 0
 0.00970393574406962
 0
 0.7340787188908819
 0
 -0.1196983946533328
 -0.00246255869902194
 0
 0.1862864700105184
 0
 -0.00033377228608879
 0
 -0.02524904725622037
 0
 0.9359511801465503
 0
 0.01237252882831265
 0
 0
 0.03812556568412814
 0
 -0.0005039895995950804
 0
 -0.00033377228608879
 0
 0.01237252882831265
 0
 0.9359511801465503
 0
 -0.02524904725622037
 -0.0005039895995950804
 0
 0.03812556568412814
 0


# name: basisDer
# type: matrix
# ndims: 4
 12 2 2 100
 -0.4741618544874315
 0
 0.4741618544874315
 0
 -0.01279140977115458
 0
 0.01279140977115458
 0
 0
 0.01931477764186161
 0
 0.01931477764186161
 -1.935276973233449
 0
 -0.02558281954230917
 0
 -0.01253608380089515
 0
 -0.948323708974863
 0
 0
 0.01905945167160216
 0
 -1.441800341104156
 0
 -1.935276973233449
 0
 -0.948323708974863
 0
 -0.01253608380089515
 0
 -0.02558281954230917
 -1.441800341104156
 0
 0.01905945167160216
 0
 0
 -0.9676384866167245
 0
 0.01279140977115458
 0
 -0.01279140977115458
 0
 0.948323708974863
 0.01931477764186161
 0
 0.01931477764186161
 0
 -0.4741618544874315
 0
 0.4741618544874315
 0
 -0.01279140977115458
 0
 0.01279140977115458
 0
 0
 0.01931477764186161
 0
 0.01931477764186161
 -1.828563883359709
 0
 -0.1322959094160487
 0
 -0.06482759276054065
 0
 -0.8960322000152174
 0
 0
 0.09856175108829465
 0
 -1.362298041687463
 0
 -1.774142302445615
 0
 -0.7871890381870292
 0
 -0.01040601184644665
 0
 -0.02345274758786067
 -1.280665670316322
 0
 0.01692937971715366
 0
 0
 -0.8381571689897218
 0
 0.06064035602701616
 0
 -0.06064035602701616
 0
 0.7437826546349515
 0.09437451435477015
 0
 0.09437451435477015
 0
 -0.4741618544874315
 0
 0.4741618544874315
 0
 -0.01279140977115458
 0
 0.01279140977115458
 0
 0
 0.01931477764186161
 0
 0.01931477764186161
 -1.646543349040225
 0
 -0.3143164437355327
 0
 -0.154021227885045
 0
 -0.8068385648907129
 0
 0
 0.2341688358102889
 0
 -1.226690956965469
 0
 -1.499294868931152
 0
 -0.5123416046725655
 0
 -0.006772747775971319
 0
 -0.01981948351738533
 -1.005818236801858
 0
 0.01329611564667833
 0
 0
 -0.6378037947106123
 0
 0.1217533815136561
 0
 -0.1217533815136561
 0
 0.4359028052717125
 0.2019009894388999
 0
 0.2019009894388999
 0
 -0.4741618544874315
 0
 0.4741618544874315
 0
 -0.01279140977115458
 0
 0.01279140977115458
 0
 0
 0.01931477764186161
 0
 0.01931477764186161
 -1.405343697749001
 0
 -0.5555160950267574
 0
 -0.2722137920913809
 0
 -0.6886460006843772
 0
 0
 0.4138649435590691
 0
 -1.046994849216689
 0
 -1.135088130555038
 0
 -0.1481348662964521
 0
 -0.001958224897418384
 0
 -0.0150049606388324
 -0.6416114984257452
 0
 0.008481592768125393
 0
 0
 -0.4121345349342905
 0
 0.1629120106626447
 0
 -0.1629120106626447
 0
 0.1075713728039575
 0.304563162130333
 0
 0.304563162130333
 0
 -0.4741618544874315
 0
 0.4741618544874315
 0
 -0.01279140977115458
 0
 0.01279140977115458
 0
 0
 0.01931477764186161
 0
 0.01931477764186161
 -1.126390749130454
 0
 -0.8344690436453044
 0
 -0.40890621313612
 0
 -0.5519535796396381
 0
 0
 0.6216876283907122
 0
 -0.8391721643850457
 0
 -0.7138746543626832
 0
 0.2730786098959028
 0
 0.003609881631650459
 0
 -0.009436854109763559
 -0.2203980222333902
 0
 0.00291348623905655
 0
 0
 -0.2077485077935222
 0
 0.1539072464427012
 0
 -0.1539072464427012
 0
 -0.1589401539037712
 0.3666886616972934
 0
 0.3666886616972934
 0
 -0.4741618544874315
 0
 0.4741618544874315
 0
 -0.01279140977115458
 0
 0.01279140977115458
 0
 0
 0.01931477764186161
 0
 0.01931477764186161
 -0.8344690436453044
 0
 -1.126390749130454
 0
 -0.5519535796396381
 0
 -0.40890621313612
 0
 0
 0.8391721643850457
 0
 -0.6216876283907122
 0
 -0.2730786098959028
 0
 0.7138746543626832
 0
 0.009436854109763559
 0
 -0.003609881631650459
 0.2203980222333902
 0
 -0.00291348623905655
 0
 0
 -0.05887416881189103
 0
 0.0794700769518856
 0
 -0.0794700769518856
 0
 -0.3078144928854024
 0.3666886616972934
 0
 0.3666886616972934
 0
 -0.4741618544874315
 0
 0.4741618544874315
 0
 -0.01279140977115458
 0
 0.01279140977115458
 0
 0
 0.01931477764186161
 0
 0.01931477764186161
 -0.5555160950267574
 0
 -1.405343697749001
 0
 -0.6886460006843772
 0
 -0.2722137920913809
 0
 0
 1.046994849216689
 0
 -0.4138649435590691
 0
 0.1481348662964521
 0
 1.135088130555038
 0
 0.0150049606388324
 0
 0.001958224897418384
 0.6416114984257452
 0
 -0.008481592768125393
 0
 0
 0.0212608591949565
 0
 -0.05378568640197875
 0
 0.05378568640197875
 0
 -0.3258240213252895
 0.304563162130333
 0
 0.304563162130333
 0
 -0.4741618544874315
 0
 0.4741618544874315
 0
 -0.01279140977115458
 0
 0.01279140977115458
 0
 0
 0.01931477764186161
 0
 0.01931477764186161
 -0.3143164437355329
 0
 -1.646543349040225
 0
 -0.8068385648907129
 0
 -0.1540212278850451
 0
 0
 1.226690956965469
 0
 -0.234168835810289
 0
 0.5123416046725653
 0
 1.499294868931151
 0
 0.01981948351738533
 0
 0.006772747775971317
 1.005818236801858
 0
 -0.01329611564667832
 0
 0
 0.04160577358841219
 0
 -0.2179514026358561
 0
 0.2179514026358561
 0
 -0.2435067630273122
 0.2019009894389
 0
 0.2019009894389
 0
 -0.4741618544874315
 0
 0.4741618544874315
 0
 -0.01279140977115458
 0
 0.01279140977115458
 0
 0
 0.01931477764186161
 0
 0.01931477764186161
 -0.1322959094160487
 0
 -1.828563883359709
 0
 -0.8960322000152174
 0
 -0.06482759276054065
 0
 0
 1.362298041687463
 0
 -0.09856175108829465
 0
 0.7871890381870292
 0
 1.774142302445615
 0
 0.02345274758786067
 0
 0.01040601184644665
 1.280665670316322
 0
 -0.01692937971715366
 0
 0
 0.02690619769926215
 0
 -0.3718913273174758
 0
 0.3718913273174758
 0
 -0.1212807120540323
 0.09437451435477015
 0
 0.09437451435477015
 0
 -0.4741618544874315
 0
 0.4741618544874315
 0
 -0.01279140977115458
 0
 0.01279140977115458
 0
 0
 0.01931477764186161
 0
 0.01931477764186161
 -0.02558281954230917
 0
 -1.935276973233449
 0
 -0.948323708974863
 0
 -0.01253608380089515
 0
 0
 1.441800341104156
 0
 -0.01905945167160216
 0
 0.948323708974863
 0
 1.935276973233449
 0
 0.02558281954230917
 0
 0.01253608380089515
 1.441800341104156
 0
 -0.01905945167160216
 0
 0
 0.006268041900447574
 0
 -0.4741618544874315
 0
 0.4741618544874315
 0
 -0.02558281954230917
 0.01931477764186161
 0
 0.01931477764186161
 0
 -0.3718913273174758
 0
 0.3718913273174758
 0
 -0.06064035602701616
 0
 0.06064035602701616
 0
 0
 0.09437451435477015
 0
 0.09437451435477015
 -1.774142302445615
 0
 -0.02345274758786067
 0
 -0.01040601184644665
 0
 -0.7871890381870292
 0
 0
 0.01692937971715366
 0
 -1.280665670316322
 0
 -1.828563883359709
 0
 -0.8960322000152174
 0
 -0.06482759276054065
 0
 -0.1322959094160487
 -1.362298041687463
 0
 0.09856175108829465
 0
 0
 -0.9676384866167245
 0
 0.01279140977115458
 0
 -0.01279140977115458
 0
 0.948323708974863
 0.01931477764186161
 0
 0.01931477764186161
 0
 -0.3718913273174758
 0
 0.3718913273174758
 0
 -0.06064035602701616
 0
 0.06064035602701616
 0
 0
 0.09437451435477015
 0
 0.09437451435477015
 -1.676314337979444
 0
 -0.1212807120540323
 0
 -0.0538123953985243
 0
 -0.7437826546349515
 0
 0
 0.08754655372627831
 0
 -1.210048496307198
 0
 -1.676314337979444
 0
 -0.7437826546349515
 0
 -0.0538123953985243
 0
 -0.1212807120540323
 -1.210048496307198
 0
 0.08754655372627831
 0
 0
 -0.8381571689897218
 0
 0.06064035602701616
 0
 -0.06064035602701616
 0
 0.7437826546349515
 0.09437451435477015
 0
 0.09437451435477015
 0
 -0.3718913273174758
 0
 0.3718913273174758
 0
 -0.06064035602701616
 0
 0.06064035602701616
 0
 0
 0.09437451435477015
 0
 0.09437451435477015
 -1.509449163476591
 0
 -0.2881458865568843
 0
 -0.1278506707063966
 0
 -0.6697443793270792
 0
 0
 0.2079982786316404
 0
 -1.089596771401836
 0
 -1.416622264281612
 0
 -0.48409058093712
 0
 -0.03502377151141688
 0
 -0.1024920881669249
 -0.9503564226093659
 0
 0.06875792983917088
 0
 0
 -0.6378037947106123
 0
 0.1217533815136561
 0
 -0.1217533815136561
 0
 0.4359028052717125
 0.2019009894388999
 0
 0.2019009894388999
 0
 -0.3718913273174758
 0
 0.3718913273174758
 0
 -0.06064035602701616
 0
 0.06064035602701616
 0
 0
 0.09437451435477015
 0
 0.09437451435477015
 -1.288332232613759
 0
 -0.509262817419717
 0
 -0.2259605144843406
 0
 -0.5716345355491353
 0
 0
 0.3676116659520288
 0
 -0.929983384081447
 0
 -1.07249824633389
 0
 -0.1399665629893984
 0
 -0.01012652820447209
 0
 -0.0775948448599801
 -0.6062324046616444
 0
 0.0438606865322261
 0
 0
 -0.4121345349342905
 0
 0.1629120106626447
 0
 -0.1629120106626447
 0
 0.1075713728039575
 0.304563162130333
 0
 0.304563162130333
 0
 -0.3718913273174758
 0
 0.3718913273174758
 0
 -0.06064035602701616
 0
 0.06064035602701616
 0
 0
 0.09437451435477015
 0
 0.09437451435477015
 -1.032605412431931
 0
 -0.7649896376015449
 0
 -0.3394268070923606
 0
 -0.4581682429411153
 0
 0
 0.5522082223469529
 0
 -0.7453868276865231
 0
 -0.6745108985782545
 0
 0.2580207847662375
 0
 0.01866770676131581
 0
 -0.0488006098941922
 -0.2082450569060085
 0
 0.0150664515664382
 0
 0
 -0.2077485077935222
 0
 0.1539072464427012
 0
 -0.1539072464427012
 0
 -0.1589401539037712
 0.3666886616972934
 0
 0.3666886616972934
 0
 -0.3718913273174758
 0
 0.3718913273174758
 0
 -0.06064035602701616
 0
 0.06064035602701616
 0
 0
 0.09437451435477015
 0
 0.09437451435477015
 -0.7649896376015449
 0
 -1.032605412431931
 0
 -0.4581682429411153
 0
 -0.3394268070923606
 0
 0
 0.7453868276865231
 0
 -0.5522082223469529
 0
 -0.2580207847662375
 0
 0.6745108985782545
 0
 0.0488006098941922
 0
 -0.01866770676131581
 0.2082450569060085
 0
 -0.0150664515664382
 0
 0
 -0.05887416881189103
 0
 0.0794700769518856
 0
 -0.0794700769518856
 0
 -0.3078144928854024
 0.3666886616972934
 0
 0.3666886616972934
 0
 -0.3718913273174758
 0
 0.3718913273174758
 0
 -0.06064035602701616
 0
 0.06064035602701616
 0
 0
 0.09437451435477015
 0
 0.09437451435477015
 -0.509262817419717
 0
 -1.288332232613759
 0
 -0.5716345355491353
 0
 -0.2259605144843406
 0
 0
 0.929983384081447
 0
 -0.3676116659520288
 0
 0.1399665629893984
 0
 1.07249824633389
 0
 0.0775948448599801
 0
 0.01012652820447209
 0.6062324046616444
 0
 -0.0438606865322261
 0
 0
 0.0212608591949565
 0
 -0.05378568640197875
 0
 0.05378568640197875
 0
 -0.3258240213252895
 0.304563162130333
 0
 0.304563162130333
 0
 -0.3718913273174758
 0
 0.3718913273174758
 0
 -0.06064035602701616
 0
 0.06064035602701616
 0
 0
 0.09437451435477015
 0
 0.09437451435477015
 -0.2881458865568844
 0
 -1.509449163476591
 0
 -0.6697443793270792
 0
 -0.1278506707063966
 0
 0
 1.089596771401836
 0
 -0.2079982786316405
 0
 0.4840905809371198
 0
 1.416622264281612
 0
 0.1024920881669249
 0
 0.03502377151141686
 0.9503564226093657
 0
 -0.06875792983917087
 0
 0
 0.04160577358841219
 0
 -0.2179514026358561
 0
 0.2179514026358561
 0
 -0.2435067630273122
 0.2019009894389
 0
 0.2019009894389
 0
 -0.3718913273174758
 0
 0.3718913273174758
 0
 -0.06064035602701616
 0
 0.06064035602701616
 0
 0
 0.09437451435477015
 0
 0.09437451435477015
 -0.1212807120540323
 0
 -1.676314337979444
 0
 -0.7437826546349515
 0
 -0.0538123953985243
 0
 0
 1.210048496307198
 0
 -0.08754655372627831
 0
 0.7437826546349515
 0
 1.676314337979444
 0
 0.1212807120540323
 0
 0.0538123953985243
 1.210048496307198
 0
 -0.08754655372627831
 0
 0
 0.02690619769926215
 0
 -0.3718913273174758
 0
 0.3718913273174758
 0
 -0.1212807120540323
 0.09437451435477015
 0
 0.09437451435477015
 0
 -0.3718913273174758
 0
 0.3718913273174758
 0
 -0.06064035602701616
 0
 0.06064035602701616
 0
 0
 0.09437451435477015
 0
 0.09437451435477015
 -0.02345274758786067
 0
 -1.774142302445615
 0
 -0.7871890381870292
 0
 -0.01040601184644665
 0
 0
 1.280665670316322
 0
 -0.01692937971715366
 0
 0.8960322000152174
 0
 1.828563883359709
 0
 0.1322959094160487
 0
 0.06482759276054065
 1.362298041687463
 0
 -0.09856175108829465
 0
 0
 0.006268041900447574
 0
 -0.4741618544874315
 0
 0.4741618544874315
 0
 -0.02558281954230917
 0.01931477764186161
 0
 0.01931477764186161
 0
 -0.2179514026358562
 0
 0.2179514026358562
 0
 -0.1217533815136561
 0
 0.1217533815136561
 0
 0
 0.2019009894388999
 0
 0.2019009894388999
 -1.499294868931152
 0
 -0.01981948351738533
 0
 -0.006772747775971319
 0
 -0.5123416046725655
 0
 0
 0.01329611564667833
 0
 -1.005818236801858
 0
 -1.646543349040225
 0
 -0.8068385648907129
 0
 -0.154021227885045
 0
 -0.3143164437355327
 -1.226690956965469
 0
 0.2341688358102889
 0
 0
 -0.9676384866167245
 0
 0.01279140977115458
 0
 -0.01279140977115458
 0
 0.948323708974863
 0.01931477764186161
 0
 0.01931477764186161
 0
 -0.2179514026358562
 0
 0.2179514026358562
 0
 -0.1217533815136561
 0
 0.1217533815136561
 0
 0
 0.2019009894388999
 0
 0.2019009894388999
 -1.416622264281612
 0
 -0.1024920881669249
 0
 -0.03502377151141688
 0
 -0.48409058093712
 0
 0
 0.06875792983917088
 0
 -0.9503564226093659
 0
 -1.509449163476591
 0
 -0.6697443793270792
 0
 -0.1278506707063966
 0
 -0.2881458865568843
 -1.089596771401836
 0
 0.2079982786316404
 0
 0
 -0.8381571689897218
 0
 0.06064035602701616
 0
 -0.06064035602701616
 0
 0.7437826546349515
 0.09437451435477015
 0
 0.09437451435477015
 0
 -0.2179514026358562
 0
 0.2179514026358562
 0
 -0.1217533815136561
 0
 0.1217533815136561
 0
 0
 0.2019009894388999
 0
 0.2019009894388999
 -1.275607589421225
 0
 -0.2435067630273121
 0
 -0.08321154717682439
 0
 -0.4359028052717125
 0
 0
 0.1633591551020682
 0
 -0.8557551973464685
 0
 -1.275607589421225
 0
 -0.4359028052717125
 0
 -0.08321154717682439
 0
 -0.2435067630273121
 -0.8557551973464685
 0
 0.1633591551020682
 0
 0
 -0.6378037947106123
 0
 0.1217533815136561
 0
 -0.1217533815136561
 0
 0.4359028052717125
 0.2019009894388999
 0
 0.2019009894388999
 0
 -0.2179514026358562
 0
 0.2179514026358562
 0
 -0.1217533815136561
 0
 0.1217533815136561
 0
 0
 0.2019009894388999
 0
 0.2019009894388999
 -1.088745757977683
 0
 -0.4303685944708537
 0
 -0.1470662915354772
 0
 -0.3720480609130597
 0
 0
 0.2887174430031654
 0
 -0.7303969094453713
 0
 -0.9657386708927943
 0
 -0.1260338867432821
 0
 -0.02405920445058841
 0
 -0.1843544203010761
 -0.5458862788180382
 0
 0.1042068123758323
 0
 0
 -0.4121345349342905
 0
 0.1629120106626447
 0
 -0.1629120106626447
 0
 0.1075713728039575
 0.304563162130333
 0
 0.304563162130333
 0
 -0.2179514026358562
 0
 0.2179514026358562
 0
 -0.1217533815136561
 0
 0.1217533815136561
 0
 0
 0.2019009894388999
 0
 0.2019009894388999
 -0.8726357487534108
 0
 -0.6464786036951261
 0
 -0.2209157731859417
 0
 -0.2981985792625951
 0
 0
 0.433697188440534
 0
 -0.5854171640080029
 0
 -0.607368134094714
 0
 0.2323366500547983
 0
 0.04435184147275499
 0
 -0.1159433743777327
 -0.1875157420199579
 0
 0.03579576645248887
 0
 0
 -0.2077485077935222
 0
 0.1539072464427012
 0
 -0.1539072464427012
 0
 -0.1589401539037712
 0.3666886616972934
 0
 0.3666886616972934
 0
 -0.2179514026358562
 0
 0.2179514026358562
 0
 -0.1217533815136561
 0
 0.1217533815136561
 0
 0
 0.2019009894388999
 0
 0.2019009894388999
 -0.6464786036951261
 0
 -0.8726357487534108
 0
 -0.2981985792625951
 0
 -0.2209157731859417
 0
 0
 0.5854171640080029
 0
 -0.433697188440534
 0
 -0.2323366500547983
 0
 0.607368134094714
 0
 0.1159433743777327
 0
 -0.04435184147275499
 0.1875157420199579
 0
 -0.03579576645248887
 0
 0
 -0.05887416881189103
 0
 0.0794700769518856
 0
 -0.0794700769518856
 0
 -0.3078144928854024
 0.3666886616972934
 0
 0.3666886616972934
 0
 -0.2179514026358562
 0
 0.2179514026358562
 0
 -0.1217533815136561
 0
 0.1217533815136561
 0
 0
 0.2019009894388999
 0
 0.2019009894388999
 -0.4303685944708537
 0
 -1.088745757977683
 0
 -0.3720480609130597
 0
 -0.1470662915354772
 0
 0
 0.7303969094453713
 0
 -0.2887174430031654
 0
 0.1260338867432821
 0
 0.9657386708927943
 0
 0.1843544203010761
 0
 0.02405920445058841
 0.5458862788180382
 0
 -0.1042068123758323
 0
 0
 0.0212608591949565
 0
 -0.05378568640197875
 0
 0.05378568640197875
 0
 -0.3258240213252895
 0.304563162130333
 0
 0.304563162130333
 0
 -0.2179514026358562
 0
 0.2179514026358562
 0
 -0.1217533815136561
 0
 0.1217533815136561
 0
 0
 0.2019009894388999
 0
 0.2019009894388999
 -0.2435067630273122
 0
 -1.275607589421225
 0
 -0.4359028052717125
 0
 -0.08321154717682441
 0
 0
 0.8557551973464685
 0
 -0.1633591551020683
 0
 0.4359028052717123
 0
 1.275607589421224
 0
 0.2435067630273121
 0
 0.08321154717682434
 0.8557551973464684
 0
 -0.1633591551020682
 0
 0
 0.04160577358841219
 0
 -0.2179514026358561
 0
 0.2179514026358561
 0
 -0.2435067630273122
 0.2019009894389
 0
 0.2019009894389
 0
 -0.2179514026358562
 0
 0.2179514026358562
 0
 -0.1217533815136561
 0
 0.1217533815136561
 0
 0
 0.2019009894388999
 0
 0.2019009894388999
 -0.1024920881669249
 0
 -1.416622264281612
 0
 -0.48409058093712
 0
 -0.03502377151141688
 0
 0
 0.9503564226093659
 0
 -0.06875792983917088
 0
 0.6697443793270792
 0
 1.509449163476591
 0
 0.2881458865568843
 0
 0.1278506707063966
 1.089596771401836
 0
 -0.2079982786316404
 0
 0
 0.02690619769926215
 0
 -0.3718913273174758
 0
 0.3718913273174758
 0
 -0.1212807120540323
 0.09437451435477015
 0
 0.09437451435477015
 0
 -0.2179514026358562
 0
 0.2179514026358562
 0
 -0.1217533815136561
 0
 0.1217533815136561
 0
 0
 0.2019009894388999
 0
 0.2019009894388999
 -0.01981948351738533
 0
 -1.499294868931152
 0
 -0.5123416046725655
 0
 -0.006772747775971319
 0
 0
 1.005818236801858
 0
 -0.01329611564667833
 0
 0.8068385648907129
 0
 1.646543349040225
 0
 0.3143164437355327
 0
 0.154021227885045
 1.226690956965469
 0
 -0.2341688358102889
 0
 0
 0.006268041900447574
 0
 -0.4741618544874315
 0
 0.4741618544874315
 0
 -0.02558281954230917
 0.01931477764186161
 0
 0.01931477764186161
 0
 -0.05378568640197875
 0
 0.05378568640197875
 0
 -0.1629120106626447
 0
 0.1629120106626447
 0
 0
 0.304563162130333
 0
 0.304563162130333
 -1.135088130555038
 0
 -0.0150049606388324
 0
 -0.001958224897418384
 0
 -0.1481348662964521
 0
 0
 0.008481592768125393
 0
 -0.6416114984257452
 0
 -1.405343697749001
 0
 -0.6886460006843772
 0
 -0.2722137920913809
 0
 -0.5555160950267574
 -1.046994849216689
 0
 0.4138649435590691
 0
 0
 -0.9676384866167245
 0
 0.01279140977115458
 0
 -0.01279140977115458
 0
 0.948323708974863
 0.01931477764186161
 0
 0.01931477764186161
 0
 -0.05378568640197875
 0
 0.05378568640197875
 0
 -0.1629120106626447
 0
 0.1629120106626447
 0
 0
 0.304563162130333
 0
 0.304563162130333
 -1.07249824633389
 0
 -0.0775948448599801
 0
 -0.01012652820447209
 0
 -0.1399665629893984
 0
 0
 0.0438606865322261
 0
 -0.6062324046616444
 0
 -1.288332232613759
 0
 -0.5716345355491353
 0
 -0.2259605144843406
 0
 -0.509262817419717
 -0.929983384081447
 0
 0.3676116659520288
 0
 0
 -0.8381571689897218
 0
 0.06064035602701616
 0
 -0.06064035602701616
 0
 0.7437826546349515
 0.09437451435477015
 0
 0.09437451435477015
 0
 -0.05378568640197875
 0
 0.05378568640197875
 0
 -0.1629120106626447
 0
 0.1629120106626447
 0
 0
 0.304563162130333
 0
 0.304563162130333
 -0.9657386708927943
 0
 -0.1843544203010761
 0
 -0.02405920445058841
 0
 -0.1260338867432821
 0
 0
 0.1042068123758323
 0
 -0.5458862788180382
 0
 -1.088745757977683
 0
 -0.3720480609130597
 0
 -0.1470662915354772
 0
 -0.4303685944708537
 -0.7303969094453713
 0
 0.2887174430031654
 0
 0
 -0.6378037947106123
 0
 0.1217533815136561
 0
 -0.1217533815136561
 0
 0.4359028052717125
 0.2019009894388999
 0
 0.2019009894388999
 0
 -0.05378568640197875
 0
 0.05378568640197875
 0
 -0.1629120106626447
 0
 0.1629120106626447
 0
 0
 0.304563162130333
 0
 0.304563162130333
 -0.824269069868581
 0
 -0.3258240213252895
 0
 -0.04252171838991299
 0
 -0.1075713728039575
 0
 0
 0.1841728698576012
 0
 -0.4659202213362692
 0
 -0.824269069868581
 0
 -0.1075713728039575
 0
 -0.04252171838991299
 0
 -0.3258240213252895
 -0.4659202213362692
 0
 0.1841728698576012
 0
 0
 -0.4121345349342905
 0
 0.1629120106626447
 0
 -0.1629120106626447
 0
 0.1075713728039575
 0.304563162130333
 0
 0.304563162130333
 0
 -0.05378568640197875
 0
 0.05378568640197875
 0
 -0.1629120106626447
 0
 0.1629120106626447
 0
 0
 0.304563162130333
 0
 0.304563162130333
 -0.6606562199563494
 0
 -0.4894368712375211
 0
 -0.06387404072833666
 0
 -0.08621905046553383
 0
 0
 0.2766554559829289
 0
 -0.3734376352109416
 0
 -0.5183956923825415
 0
 0.198302004682082
 0
 0.07838648684547125
 0
 -0.2049158160899053
 -0.1600468438502297
 0
 0.063264664622217
 0
 0
 -0.2077485077935222
 0
 0.1539072464427012
 0
 -0.1539072464427012
 0
 -0.1589401539037712
 0.3666886616972934
 0
 0.3666886616972934
 0
 -0.05378568640197875
 0
 0.05378568640197875
 0
 -0.1629120106626447
 0
 0.1629120106626447
 0
 0
 0.304563162130333
 0
 0.304563162130333
 -0.4894368712375211
 0
 -0.6606562199563494
 0
 -0.08621905046553383
 0
 -0.06387404072833666
 0
 0
 0.3734376352109416
 0
 -0.2766554559829289
 0
 -0.198302004682082
 0
 0.5183956923825415
 0
 0.2049158160899053
 0
 -0.07838648684547125
 0.1600468438502297
 0
 -0.063264664622217
 0
 0
 -0.05887416881189103
 0
 0.0794700769518856
 0
 -0.0794700769518856
 0
 -0.3078144928854024
 0.3666886616972934
 0
 0.3666886616972934
 0
 -0.05378568640197875
 0
 0.05378568640197875
 0
 -0.1629120106626447
 0
 0.1629120106626447
 0
 0
 0.304563162130333
 0
 0.304563162130333
 -0.3258240213252895
 0
 -0.824269069868581
 0
 -0.1075713728039575
 0
 -0.04252171838991299
 0
 0
 0.4659202213362692
 0
 -0.1841728698576012
 0
 0.1075713728039575
 0
 0.824269069868581
 0
 0.3258240213252895
 0
 0.04252171838991299
 0.4659202213362692
 0
 -0.1841728698576012
 0
 0
 0.0212608591949565
 0
 -0.05378568640197875
 0
 0.05378568640197875
 0
 -0.3258240213252895
 0.304563162130333
 0
 0.304563162130333
 0
 -0.05378568640197875
 0
 0.05378568640197875
 0
 -0.1629120106626447
 0
 0.1629120106626447
 0
 0
 0.304563162130333
 0
 0.304563162130333
 -0.1843544203010762
 0
 -0.9657386708927943
 0
 -0.1260338867432821
 0
 -0.02405920445058842
 0
 0
 0.5458862788180382
 0
 -0.1042068123758323
 0
 0.3720480609130595
 0
 1.088745757977683
 0
 0.4303685944708536
 0
 0.1470662915354772
 0.7303969094453712
 0
 -0.2887174430031654
 0
 0
 0.04160577358841219
 0
 -0.2179514026358561
 0
 0.2179514026358561
 0
 -0.2435067630273122
 0.2019009894389
 0
 0.2019009894389
 0
 -0.05378568640197875
 0
 0.05378568640197875
 0
 -0.1629120106626447
 0
 0.1629120106626447
 0
 0
 0.304563162130333
 0
 0.304563162130333
 -0.0775948448599801
 0
 -1.07249824633389
 0
 -0.1399665629893984
 0
 -0.01012652820447209
 0
 0
 0.6062324046616444
 0
 -0.0438606865322261
 0
 0.5716345355491353
 0
 1.288332232613759
 0
 0.509262817419717
 0
 0.2259605144843406
 0.929983384081447
 0
 -0.3676116659520288
 0
 0
 0.02690619769926215
 0
 -0.3718913273174758
 0
 0.3718913273174758
 0
 -0.1212807120540323
 0.09437451435477015
 0
 0.09437451435477015
 0
 -0.05378568640197875
 0
 0.05378568640197875
 0
 -0.1629120106626447
 0
 0.1629120106626447
 0
 0
 0.304563162130333
 0
 0.304563162130333
 -0.0150049606388324
 0
 -1.135088130555038
 0
 -0.1481348662964521
 0
 -0.001958224897418384
 0
 0
 0.6416114984257452
 0
 -0.008481592768125393
 0
 0.6886460006843772
 0
 1.405343697749001
 0
 0.5555160950267574
 0
 0.2722137920913809
 1.046994849216689
 0
 -0.4138649435590691
 0
 0
 0.006268041900447574
 0
 -0.4741618544874315
 0
 0.4741618544874315
 0
 -0.02558281954230917
 0.01931477764186161
 0
 0.01931477764186161
 0
 0.0794700769518856
 0
 -0.0794700769518856
 0
 -0.1539072464427012
 0
 0.1539072464427012
 0
 0
 0.3666886616972934
 0
 0.3666886616972934
 -0.7138746543626832
 0
 -0.009436854109763559
 0
 0.003609881631650459
 0
 0.2730786098959028
 0
 0
 0.00291348623905655
 0
 -0.2203980222333902
 0
 -1.126390749130454
 0
 -0.5519535796396381
 0
 -0.40890621313612
 0
 -0.8344690436453044
 -0.8391721643850457
 0
 0.6216876283907122
 0
 0
 -0.9676384866167245
 0
 0.01279140977115458
 0
 -0.01279140977115458
 0
 0.948323708974863
 0.01931477764186161
 0
 0.01931477764186161
 0
 0.0794700769518856
 0
 -0.0794700769518856
 0
 -0.1539072464427012
 0
 0.1539072464427012
 0
 0
 0.3666886616972934
 0
 0.3666886616972934
 -0.6745108985782545
 0
 -0.0488006098941922
 0
 0.01866770676131581
 0
 0.2580207847662375
 0
 0
 0.0150664515664382
 0
 -0.2082450569060085
 0
 -1.032605412431931
 0
 -0.4581682429411153
 0
 -0.3394268070923606
 0
 -0.7649896376015449
 -0.7453868276865231
 0
 0.5522082223469529
 0
 0
 -0.8381571689897218
 0
 0.06064035602701616
 0
 -0.06064035602701616
 0
 0.7437826546349515
 0.09437451435477015
 0
 0.09437451435477015
 0
 0.0794700769518856
 0
 -0.0794700769518856
 0
 -0.1539072464427012
 0
 0.1539072464427012
 0
 0
 0.3666886616972934
 0
 0.3666886616972934
 -0.607368134094714
 0
 -0.1159433743777327
 0
 0.04435184147275499
 0
 0.2323366500547983
 0
 0
 0.03579576645248887
 0
 -0.1875157420199579
 0
 -0.8726357487534108
 0
 -0.2981985792625951
 0
 -0.2209157731859417
 0
 -0.6464786036951261
 -0.5854171640080029
 0
 0.433697188440534
 0
 0
 -0.6378037947106123
 0
 0.1217533815136561
 0
 -0.1217533815136561
 0
 0.4359028052717125
 0.2019009894388999
 0
 0.2019009894388999
 0
 0.0794700769518856
 0
 -0.0794700769518856
 0
 -0.1539072464427012
 0
 0.1539072464427012
 0
 0
 0.3666886616972934
 0
 0.3666886616972934
 -0.5183956923825415
 0
 -0.2049158160899053
 0
 0.07838648684547125
 0
 0.198302004682082
 0
 0
 0.063264664622217
 0
 -0.1600468438502297
 0
 -0.6606562199563494
 0
 -0.08621905046553383
 0
 -0.06387404072833666
 0
 -0.4894368712375211
 -0.3734376352109416
 0
 0.2766554559829289
 0
 0
 -0.4121345349342905
 0
 0.1629120106626447
 0
 -0.1629120106626447
 0
 0.1075713728039575
 0.304563162130333
 0
 0.304563162130333
 0
 0.0794700769518856
 0
 -0.0794700769518856
 0
 -0.1539072464427012
 0
 0.1539072464427012
 0
 0
 0.3666886616972934
 0
 0.3666886616972934
 -0.4154970155870444
 0
 -0.3078144928854024
 0
 0.1177483376237821
 0
 0.1589401539037712
 0
 0
 0.09503307763081016
 0
 -0.1282784308416366
 0
 -0.4154970155870444
 0
 0.1589401539037712
 0
 0.1177483376237821
 0
 -0.3078144928854024
 -0.1282784308416366
 0
 0.09503307763081016
 0
 0
 -0.2077485077935222
 0
 0.1539072464427012
 0
 -0.1539072464427012
 0
 -0.1589401539037712
 0.3666886616972934
 0
 0.3666886616972934
 0
 0.0794700769518856
 0
 -0.0794700769518856
 0
 -0.1539072464427012
 0
 0.1539072464427012
 0
 0
 0.3666886616972934
 0
 0.3666886616972934
 -0.3078144928854024
 0
 -0.4154970155870444
 0
 0.1589401539037712
 0
 0.1177483376237821
 0
 0
 0.1282784308416366
 0
 -0.09503307763081016
 0
 -0.1589401539037712
 0
 0.4154970155870444
 0
 0.3078144928854024
 0
 -0.1177483376237821
 0.1282784308416366
 0
 -0.09503307763081016
 0
 0
 -0.05887416881189103
 0
 0.0794700769518856
 0
 -0.0794700769518856
 0
 -0.3078144928854024
 0.3666886616972934
 0
 0.3666886616972934
 0
 0.0794700769518856
 0
 -0.0794700769518856
 0
 -0.1539072464427012
 0
 0.1539072464427012
 0
 0
 0.3666886616972934
 0
 0.3666886616972934
 -0.2049158160899053
 0
 -0.5183956923825415
 0
 0.198302004682082
 0
 0.07838648684547125
 0
 0
 0.1600468438502297
 0
 -0.063264664622217
 0
 0.08621905046553383
 0
 0.6606562199563494
 0
 0.4894368712375211
 0
 0.06387404072833666
 0.3734376352109416
 0
 -0.2766554559829289
 0
 0
 0.0212608591949565
 0
 -0.05378568640197875
 0
 0.05378568640197875
 0
 -0.3258240213252895
 0.304563162130333
 0
 0.304563162130333
 0
 0.0794700769518856
 0
 -0.0794700769518856
 0
 -0.1539072464427012
 0
 0.1539072464427012
 0
 0
 0.3666886616972934
 0
 0.3666886616972934
 -0.1159433743777328
 0
 -0.607368134094714
 0
 0.2323366500547983
 0
 0.04435184147275501
 0
 0
 0.1875157420199579
 0
 -0.03579576645248888
 0
 0.298198579262595
 0
 0.8726357487534107
 0
 0.646478603695126
 0
 0.2209157731859416
 0.5854171640080028
 0
 -0.4336971884405339
 0
 0
 0.04160577358841219
 0
 -0.2179514026358561
 0
 0.2179514026358561
 0
 -0.2435067630273122
 0.2019009894389
 0
 0.2019009894389
 0
 0.0794700769518856
 0
 -0.0794700769518856
 0
 -0.1539072464427012
 0
 0.1539072464427012
 0
 0
 0.3666886616972934
 0
 0.3666886616972934
 -0.0488006098941922
 0
 -0.6745108985782545
 0
 0.2580207847662375
 0
 0.01866770676131581
 0
 0
 0.2082450569060085
 0
 -0.0150664515664382
 0
 0.4581682429411153
 0
 1.032605412431931
 0
 0.7649896376015449
 0
 0.3394268070923606
 0.7453868276865231
 0
 -0.5522082223469529
 0
 0
 0.02690619769926215
 0
 -0.3718913273174758
 0
 0.3718913273174758
 0
 -0.1212807120540323
 0.09437451435477015
 0
 0.09437451435477015
 0
 0.0794700769518856
 0
 -0.0794700769518856
 0
 -0.1539072464427012
 0
 0.1539072464427012
 0
 0
 0.3666886616972934
 0
 0.3666886616972934
 -0.009436854109763559
 0
 -0.7138746543626832
 0
 0.2730786098959028
 0
 0.003609881631650459
 0
 0
 0.2203980222333902
 0
 -0.00291348623905655
 0
 0.5519535796396381
 0
 1.126390749130454
 0
 0.8344690436453044
 0
 0.40890621313612
 0.8391721643850457
 0
 -0.6216876283907122
 0
 0
 0.006268041900447574
 0
 -0.4741618544874315
 0
 0.4741618544874315
 0
 -0.02558281954230917
 0.01931477764186161
 0
 0.01931477764186161
 0
 0.1539072464427012
 0
 -0.1539072464427012
 0
 -0.0794700769518856
 0
 0.0794700769518856
 0
 0
 0.3666886616972934
 0
 0.3666886616972934
 -0.2730786098959028
 0
 -0.003609881631650459
 0
 0.009436854109763559
 0
 0.7138746543626832
 0
 0
 -0.00291348623905655
 0
 0.2203980222333902
 0
 -0.8344690436453044
 0
 -0.40890621313612
 0
 -0.5519535796396381
 0
 -1.126390749130454
 -0.6216876283907122
 0
 0.8391721643850457
 0
 0
 -0.9676384866167245
 0
 0.01279140977115458
 0
 -0.01279140977115458
 0
 0.948323708974863
 0.01931477764186161
 0
 0.01931477764186161
 0
 0.1539072464427012
 0
 -0.1539072464427012
 0
 -0.0794700769518856
 0
 0.0794700769518856
 0
 0
 0.3666886616972934
 0
 0.3666886616972934
 -0.2580207847662375
 0
 -0.01866770676131581
 0
 0.0488006098941922
 0
 0.6745108985782545
 0
 0
 -0.0150664515664382
 0
 0.2082450569060085
 0
 -0.7649896376015449
 0
 -0.3394268070923606
 0
 -0.4581682429411153
 0
 -1.032605412431931
 -0.5522082223469529
 0
 0.7453868276865231
 0
 0
 -0.8381571689897218
 0
 0.06064035602701616
 0
 -0.06064035602701616
 0
 0.7437826546349515
 0.09437451435477015
 0
 0.09437451435477015
 0
 0.1539072464427012
 0
 -0.1539072464427012
 0
 -0.0794700769518856
 0
 0.0794700769518856
 0
 0
 0.3666886616972934
 0
 0.3666886616972934
 -0.2323366500547983
 0
 -0.04435184147275499
 0
 0.1159433743777327
 0
 0.607368134094714
 0
 0
 -0.03579576645248887
 0
 0.1875157420199579
 0
 -0.6464786036951261
 0
 -0.2209157731859417
 0
 -0.2981985792625951
 0
 -0.8726357487534108
 -0.433697188440534
 0
 0.5854171640080029
 0
 0
 -0.6378037947106123
 0
 0.1217533815136561
 0
 -0.1217533815136561
 0
 0.4359028052717125
 0.2019009894388999
 0
 0.2019009894388999
 0
 0.1539072464427012
 0
 -0.1539072464427012
 0
 -0.0794700769518856
 0
 0.0794700769518856
 0
 0
 0.3666886616972934
 0
 0.3666886616972934
 -0.198302004682082
 0
 -0.07838648684547125
 0
 0.2049158160899053
 0
 0.5183956923825415
 0
 0
 -0.063264664622217
 0
 0.1600468438502297
 0
 -0.4894368712375211
 0
 -0.06387404072833666
 0
 -0.08621905046553383
 0
 -0.6606562199563494
 -0.2766554559829289
 0
 0.3734376352109416
 0
 0
 -0.4121345349342905
 0
 0.1629120106626447
 0
 -0.1629120106626447
 0
 0.1075713728039575
 0.304563162130333
 0
 0.304563162130333
 0
 0.1539072464427012
 0
 -0.1539072464427012
 0
 -0.0794700769518856
 0
 0.0794700769518856
 0
 0
 0.3666886616972934
 0
 0.3666886616972934
 -0.1589401539037712
 0
 -0.1177483376237821
 0
 0.3078144928854024
 0
 0.4154970155870444
 0
 0
 -0.09503307763081016
 0
 0.1282784308416366
 0
 -0.3078144928854024
 0
 0.1177483376237821
 0
 0.1589401539037712
 0
 -0.4154970155870444
 -0.09503307763081016
 0
 0.1282784308416366
 0
 0
 -0.2077485077935222
 0
 0.1539072464427012
 0
 -0.1539072464427012
 0
 -0.1589401539037712
 0.3666886616972934
 0
 0.3666886616972934
 0
 0.1539072464427012
 0
 -0.1539072464427012
 0
 -0.0794700769518856
 0
 0.0794700769518856
 0
 0
 0.3666886616972934
 0
 0.3666886616972934
 -0.1177483376237821
 0
 -0.1589401539037712
 0
 0.4154970155870444
 0
 0.3078144928854024
 0
 0
 -0.1282784308416366
 0
 0.09503307763081016
 0
 -0.1177483376237821
 0
 0.3078144928854024
 0
 0.4154970155870444
 0
 -0.1589401539037712
 0.09503307763081016
 0
 -0.1282784308416366
 0
 0
 -0.05887416881189103
 0
 0.0794700769518856
 0
 -0.0794700769518856
 0
 -0.3078144928854024
 0.3666886616972934
 0
 0.3666886616972934
 0
 0.1539072464427012
 0
 -0.1539072464427012
 0
 -0.0794700769518856
 0
 0.0794700769518856
 0
 0
 0.3666886616972934
 0
 0.3666886616972934
 -0.07838648684547125
 0
 -0.198302004682082
 0
 0.5183956923825415
 0
 0.2049158160899053
 0
 0
 -0.1600468438502297
 0
 0.063264664622217
 0
 0.06387404072833666
 0
 0.4894368712375211
 0
 0.6606562199563494
 0
 0.08621905046553383
 0.2766554559829289
 0
 -0.3734376352109416
 0
 0
 0.0212608591949565
 0
 -0.05378568640197875
 0
 0.05378568640197875
 0
 -0.3258240213252895
 0.304563162130333
 0
 0.304563162130333
 0
 0.1539072464427012
 0
 -0.1539072464427012
 0
 -0.0794700769518856
 0
 0.0794700769518856
 0
 0
 0.3666886616972934
 0
 0.3666886616972934
 -0.04435184147275501
 0
 -0.2323366500547983
 0
 0.607368134094714
 0
 0.1159433743777328
 0
 0
 -0.1875157420199579
 0
 0.03579576645248888
 0
 0.2209157731859416
 0
 0.646478603695126
 0
 0.8726357487534107
 0
 0.298198579262595
 0.4336971884405339
 0
 -0.5854171640080028
 0
 0
 0.04160577358841219
 0
 -0.2179514026358561
 0
 0.2179514026358561
 0
 -0.2435067630273122
 0.2019009894389
 0
 0.2019009894389
 0
 0.1539072464427012
 0
 -0.1539072464427012
 0
 -0.0794700769518856
 0
 0.0794700769518856
 0
 0
 0.3666886616972934
 0
 0.3666886616972934
 -0.01866770676131581
 0
 -0.2580207847662375
 0
 0.6745108985782545
 0
 0.0488006098941922
 0
 0
 -0.2082450569060085
 0
 0.0150664515664382
 0
 0.3394268070923606
 0
 0.7649896376015449
 0
 1.032605412431931
 0
 0.4581682429411153
 0.5522082223469529
 0
 -0.7453868276865231
 0
 0
 0.02690619769926215
 0
 -0.3718913273174758
 0
 0.3718913273174758
 0
 -0.1212807120540323
 0.09437451435477015
 0
 0.09437451435477015
 0
 0.1539072464427012
 0
 -0.1539072464427012
 0
 -0.0794700769518856
 0
 0.0794700769518856
 0
 0
 0.3666886616972934
 0
 0.3666886616972934
 -0.003609881631650459
 0
 -0.2730786098959028
 0
 0.7138746543626832
 0
 0.009436854109763559
 0
 0
 -0.2203980222333902
 0
 0.00291348623905655
 0
 0.40890621313612
 0
 0.8344690436453044
 0
 1.126390749130454
 0
 0.5519535796396381
 0.6216876283907122
 0
 -0.8391721643850457
 0
 0
 0.006268041900447574
 0
 -0.4741618544874315
 0
 0.4741618544874315
 0
 -0.02558281954230917
 0.01931477764186161
 0
 0.01931477764186161
 0
 0.1629120106626447
 0
 -0.1629120106626447
 0
 0.05378568640197875
 0
 -0.05378568640197875
 0
 0
 0.304563162130333
 0
 0.304563162130333
 0.1481348662964521
 0
 0.001958224897418384
 0
 0.0150049606388324
 0
 1.135088130555038
 0
 0
 -0.008481592768125393
 0
 0.6416114984257452
 0
 -0.5555160950267574
 0
 -0.2722137920913809
 0
 -0.6886460006843772
 0
 -1.405343697749001
 -0.4138649435590691
 0
 1.046994849216689
 0
 0
 -0.9676384866167245
 0
 0.01279140977115458
 0
 -0.01279140977115458
 0
 0.948323708974863
 0.01931477764186161
 0
 0.01931477764186161
 0
 0.1629120106626447
 0
 -0.1629120106626447
 0
 0.05378568640197875
 0
 -0.05378568640197875
 0
 0
 0.304563162130333
 0
 0.304563162130333
 0.1399665629893984
 0
 0.01012652820447209
 0
 0.0775948448599801
 0
 1.07249824633389
 0
 0
 -0.0438606865322261
 0
 0.6062324046616444
 0
 -0.509262817419717
 0
 -0.2259605144843406
 0
 -0.5716345355491353
 0
 -1.288332232613759
 -0.3676116659520288
 0
 0.929983384081447
 0
 0
 -0.8381571689897218
 0
 0.06064035602701616
 0
 -0.06064035602701616
 0
 0.7437826546349515
 0.09437451435477015
 0
 0.09437451435477015
 0
 0.1629120106626447
 0
 -0.1629120106626447
 0
 0.05378568640197875
 0
 -0.05378568640197875
 0
 0
 0.304563162130333
 0
 0.304563162130333
 0.1260338867432821
 0
 0.02405920445058841
 0
 0.1843544203010761
 0
 0.9657386708927943
 0
 0
 -0.1042068123758323
 0
 0.5458862788180382
 0
 -0.4303685944708537
 0
 -0.1470662915354772
 0
 -0.3720480609130597
 0
 -1.088745757977683
 -0.2887174430031654
 0
 0.7303969094453713
 0
 0
 -0.6378037947106123
 0
 0.1217533815136561
 0
 -0.1217533815136561
 0
 0.4359028052717125
 0.2019009894388999
 0
 0.2019009894388999
 0
 0.1629120106626447
 0
 -0.1629120106626447
 0
 0.05378568640197875
 0
 -0.05378568640197875
 0
 0
 0.304563162130333
 0
 0.304563162130333
 0.1075713728039575
 0
 0.04252171838991299
 0
 0.3258240213252895
 0
 0.824269069868581
 0
 0
 -0.1841728698576012
 0
 0.4659202213362692
 0
 -0.3258240213252895
 0
 -0.04252171838991299
 0
 -0.1075713728039575
 0
 -0.824269069868581
 -0.1841728698576012
 0
 0.4659202213362692
 0
 0
 -0.4121345349342905
 0
 0.1629120106626447
 0
 -0.1629120106626447
 0
 0.1075713728039575
 0.304563162130333
 0
 0.304563162130333
 0
 0.1629120106626447
 0
 -0.1629120106626447
 0
 0.05378568640197875
 0
 -0.05378568640197875
 0
 0
 0.304563162130333
 0
 0.304563162130333
 0.08621905046553383
 0
 0.06387404072833666
 0
 0.4894368712375211
 0
 0.6606562199563494
 0
 0
 -0.2766554559829289
 0
 0.3734376352109416
 0
 -0.2049158160899053
 0
 0.07838648684547125
 0
 0.198302004682082
 0
 -0.5183956923825415
 -0.063264664622217
 0
 0.1600468438502297
 0
 0
 -0.2077485077935222
 0
 0.1539072464427012
 0
 -0.1539072464427012
 0
 -0.1589401539037712
 0.3666886616972934
 0
 0.3666886616972934
 0
 0.1629120106626447
 0
 -0.1629120106626447
 0
 0.05378568640197875
 0
 -0.05378568640197875
 0
 0
 0.304563162130333
 0
 0.304563162130333
 0.06387404072833666
 0
 0.08621905046553383
 0
 0.6606562199563494
 0
 0.4894368712375211
 0
 0
 -0.3734376352109416
 0
 0.2766554559829289
 0
 -0.07838648684547125
 0
 0.2049158160899053
 0
 0.5183956923825415
 0
 -0.198302004682082
 0.063264664622217
 0
 -0.1600468438502297
 0
 0
 -0.05887416881189103
 0
 0.0794700769518856
 0
 -0.0794700769518856
 0
 -0.3078144928854024
 0.3666886616972934
 0
 0.3666886616972934
 0
 0.1629120106626447
 0
 -0.1629120106626447
 0
 0.05378568640197875
 0
 -0.05378568640197875
 0
 0
 0.304563162130333
 0
 0.304563162130333
 0.04252171838991299
 0
 0.1075713728039575
 0
 0.824269069868581
 0
 0.3258240213252895
 0
 0
 -0.4659202213362692
 0
 0.1841728698576012
 0
 0.04252171838991299
 0
 0.3258240213252895
 0
 0.824269069868581
 0
 0.1075713728039575
 0.1841728698576012
 0
 -0.4659202213362692
 0
 0
 0.0212608591949565
 0
 -0.05378568640197875
 0
 0.05378568640197875
 0
 -0.3258240213252895
 0.304563162130333
 0
 0.304563162130333
 0
 0.1629120106626447
 0
 -0.1629120106626447
 0
 0.05378568640197875
 0
 -0.05378568640197875
 0
 0
 0.304563162130333
 0
 0.304563162130333
 0.02405920445058842
 0
 0.1260338867432821
 0
 0.9657386708927943
 0
 0.1843544203010762
 0
 0
 -0.5458862788180382
 0
 0.1042068123758323
 0
 0.1470662915354772
 0
 0.4303685944708536
 0
 1.088745757977683
 0
 0.3720480609130595
 0.2887174430031654
 0
 -0.7303969094453712
 0
 0
 0.04160577358841219
 0
 -0.2179514026358561
 0
 0.2179514026358561
 0
 -0.2435067630273122
 0.2019009894389
 0
 0.2019009894389
 0
 0.1629120106626447
 0
 -0.1629120106626447
 0
 0.05378568640197875
 0
 -0.05378568640197875
 0
 0
 0.304563162130333
 0
 0.304563162130333
 0.01012652820447209
 0
 0.1399665629893984
 0
 1.07249824633389
 0
 0.0775948448599801
 0
 0
 -0.6062324046616444
 0
 0.0438606865322261
 0
 0.2259605144843406
 0
 0.509262817419717
 0
 1.288332232613759
 0
 0.5716345355491353
 0.3676116659520288
 0
 -0.929983384081447
 0
 0
 0.02690619769926215
 0
 -0.3718913273174758
 0
 0.3718913273174758
 0
 -0.1212807120540323
 0.09437451435477015
 0
 0.09437451435477015
 0
 0.1629120106626447
 0
 -0.1629120106626447
 0
 0.05378568640197875
 0
 -0.05378568640197875
 0
 0
 0.304563162130333
 0
 0.304563162130333
 0.001958224897418384
 0
 0.1481348662964521
 0
 1.135088130555038
 0
 0.0150049606388324
 0
 0
 -0.6416114984257452
 0
 0.008481592768125393
 0
 0.2722137920913809
 0
 0.5555160950267574
 0
 1.405343697749001
 0
 0.6886460006843772
 0.4138649435590691
 0
 -1.046994849216689
 0
 0
 0.006268041900447574
 0
 -0.4741618544874315
 0
 0.4741618544874315
 0
 -0.02558281954230917
 0.01931477764186161
 0
 0.01931477764186161
 0
 0.1217533815136561
 0
 -0.1217533815136561
 0
 0.2179514026358561
 0
 -0.2179514026358561
 0
 0
 0.2019009894389
 0
 0.2019009894389
 0.5123416046725653
 0
 0.006772747775971317
 0
 0.01981948351738533
 0
 1.499294868931151
 0
 0
 -0.01329611564667832
 0
 1.005818236801858
 0
 -0.3143164437355329
 0
 -0.1540212278850451
 0
 -0.8068385648907129
 0
 -1.646543349040225
 -0.234168835810289
 0
 1.226690956965469
 0
 0
 -0.9676384866167245
 0
 0.01279140977115458
 0
 -0.01279140977115458
 0
 0.948323708974863
 0.01931477764186161
 0
 0.01931477764186161
 0
 0.1217533815136561
 0
 -0.1217533815136561
 0
 0.2179514026358561
 0
 -0.2179514026358561
 0
 0
 0.2019009894389
 0
 0.2019009894389
 0.4840905809371198
 0
 0.03502377151141686
 0
 0.1024920881669249
 0
 1.416622264281612
 0
 0
 -0.06875792983917087
 0
 0.9503564226093657
 0
 -0.2881458865568844
 0
 -0.1278506707063966
 0
 -0.6697443793270792
 0
 -1.509449163476591
 -0.2079982786316405
 0
 1.089596771401836
 0
 0
 -0.8381571689897218
 0
 0.06064035602701616
 0
 -0.06064035602701616
 0
 0.7437826546349515
 0.09437451435477015
 0
 0.09437451435477015
 0
 0.1217533815136561
 0
 -0.1217533815136561
 0
 0.2179514026358561
 0
 -0.2179514026358561
 0
 0
 0.2019009894389
 0
 0.2019009894389
 0.4359028052717123
 0
 0.08321154717682434
 0
 0.2435067630273121
 0
 1.275607589421224
 0
 0
 -0.1633591551020682
 0
 0.8557551973464684
 0
 -0.2435067630273122
 0
 -0.08321154717682441
 0
 -0.4359028052717125
 0
 -1.275607589421225
 -0.1633591551020683
 0
 0.8557551973464685
 0
 0
 -0.6378037947106123
 0
 0.1217533815136561
 0
 -0.1217533815136561
 0
 0.4359028052717125
 0.2019009894388999
 0
 0.2019009894388999
 0
 0.1217533815136561
 0
 -0.1217533815136561
 0
 0.2179514026358561
 0
 -0.2179514026358561
 0
 0
 0.2019009894389
 0
 0.2019009894389
 0.3720480609130595
 0
 0.1470662915354772
 0
 0.4303685944708536
 0
 1.088745757977683
 0
 0
 -0.2887174430031654
 0
 0.7303969094453712
 0
 -0.1843544203010762
 0
 -0.02405920445058842
 0
 -0.1260338867432821
 0
 -0.9657386708927943
 -0.1042068123758323
 0
 0.5458862788180382
 0
 0
 -0.4121345349342905
 0
 0.1629120106626447
 0
 -0.1629120106626447
 0
 0.1075713728039575
 0.304563162130333
 0
 0.304563162130333
 0
 0.1217533815136561
 0
 -0.1217533815136561
 0
 0.2179514026358561
 0
 -0.2179514026358561
 0
 0
 0.2019009894389
 0
 0.2019009894389
 0.298198579262595
 0
 0.2209157731859416
 0
 0.646478603695126
 0
 0.8726357487534107
 0
 0
 -0.4336971884405339
 0
 0.5854171640080028
 0
 -0.1159433743777328
 0
 0.04435184147275501
 0
 0.2323366500547983
 0
 -0.607368134094714
 -0.03579576645248888
 0
 0.1875157420199579
 0
 0
 -0.2077485077935222
 0
 0.1539072464427012
 0
 -0.1539072464427012
 0
 -0.1589401539037712
 0.3666886616972934
 0
 0.3666886616972934
 0
 0.1217533815136561
 0
 -0.1217533815136561
 0
 0.2179514026358561
 0
 -0.2179514026358561
 0
 0
 0.2019009894389
 0
 0.2019009894389
 0.2209157731859416
 0
 0.298198579262595
 0
 0.8726357487534107
 0
 0.646478603695126
 0
 0
 -0.5854171640080028
 0
 0.4336971884405339
 0
 -0.04435184147275501
 0
 0.1159433743777328
 0
 0.607368134094714
 0
 -0.2323366500547983
 0.03579576645248888
 0
 -0.1875157420199579
 0
 0
 -0.05887416881189103
 0
 0.0794700769518856
 0
 -0.0794700769518856
 0
 -0.3078144928854024
 0.3666886616972934
 0
 0.3666886616972934
 0
 0.1217533815136561
 0
 -0.1217533815136561
 0
 0.2179514026358561
 0
 -0.2179514026358561
 0
 0
 0.2019009894389
 0
 0.2019009894389
 0.1470662915354772
 0
 0.3720480609130595
 0
 1.088745757977683
 0
 0.4303685944708536
 0
 0
 -0.7303969094453712
 0
 0.2887174430031654
 0
 0.02405920445058842
 0
 0.1843544203010762
 0
 0.9657386708927943
 0
 0.1260338867432821
 0.1042068123758323
 0
 -0.5458862788180382
 0
 0
 0.0212608591949565
 0
 -0.05378568640197875
 0
 0.05378568640197875
 0
 -0.3258240213252895
 0.304563162130333
 0
 0.304563162130333
 0
 0.1217533815136561
 0
 -0.1217533815136561
 0
 0.2179514026358561
 0
 -0.2179514026358561
 0
 0
 0.2019009894389
 0
 0.2019009894389
 0.08321154717682437
 0
 0.4359028052717123
 0
 1.275607589421224
 0
 0.2435067630273122
 0
 0
 -0.8557551973464684
 0
 0.1633591551020683
 0
 0.08321154717682437
 0
 0.2435067630273122
 0
 1.275607589421224
 0
 0.4359028052717123
 0.1633591551020683
 0
 -0.8557551973464684
 0
 0
 0.04160577358841219
 0
 -0.2179514026358561
 0
 0.2179514026358561
 0
 -0.2435067630273122
 0.2019009894389
 0
 0.2019009894389
 0
 0.1217533815136561
 0
 -0.1217533815136561
 0
 0.2179514026358561
 0
 -0.2179514026358561
 0
 0
 0.2019009894389
 0
 0.2019009894389
 0.03502377151141686
 0
 0.4840905809371198
 0
 1.416622264281612
 0
 0.1024920881669249
 0
 0
 -0.9503564226093657
 0
 0.06875792983917087
 0
 0.1278506707063966
 0
 0.2881458865568844
 0
 1.509449163476591
 0
 0.6697443793270792
 0.2079982786316405
 0
 -1.089596771401836
 0
 0
 0.02690619769926215
 0
 -0.3718913273174758
 0
 0.3718913273174758
 0
 -0.1212807120540323
 0.09437451435477015
 0
 0.09437451435477015
 0
 0.1217533815136561
 0
 -0.1217533815136561
 0
 0.2179514026358561
 0
 -0.2179514026358561
 0
 0
 0.2019009894389
 0
 0.2019009894389
 0.006772747775971317
 0
 0.5123416046725653
 0
 1.499294868931151
 0
 0.01981948351738533
 0
 0
 -1.005818236801858
 0
 0.01329611564667832
 0
 0.1540212278850451
 0
 0.3143164437355329
 0
 1.646543349040225
 0
 0.8068385648907129
 0.234168835810289
 0
 -1.226690956965469
 0
 0
 0.006268041900447574
 0
 -0.4741618544874315
 0
 0.4741618544874315
 0
 -0.02558281954230917
 0.01931477764186161
 0
 0.01931477764186161
 0
 0.06064035602701616
 0
 -0.06064035602701616
 0
 0.3718913273174758
 0
 -0.3718913273174758
 0
 0
 0.09437451435477015
 0
 0.09437451435477015
 0.7871890381870292
 0
 0.01040601184644665
 0
 0.02345274758786067
 0
 1.774142302445615
 0
 0
 -0.01692937971715366
 0
 1.280665670316322
 0
 -0.1322959094160487
 0
 -0.06482759276054065
 0
 -0.8960322000152174
 0
 -1.828563883359709
 -0.09856175108829465
 0
 1.362298041687463
 0
 0
 -0.9676384866167245
 0
 0.01279140977115458
 0
 -0.01279140977115458
 0
 0.948323708974863
 0.01931477764186161
 0
 0.01931477764186161
 0
 0.06064035602701616
 0
 -0.06064035602701616
 0
 0.3718913273174758
 0
 -0.3718913273174758
 0
 0
 0.09437451435477015
 0
 0.09437451435477015
 0.7437826546349515
 0
 0.0538123953985243
 0
 0.1212807120540323
 0
 1.676314337979444
 0
 0
 -0.08754655372627831
 0
 1.210048496307198
 0
 -0.1212807120540323
 0
 -0.0538123953985243
 0
 -0.7437826546349515
 0
 -1.676314337979444
 -0.08754655372627831
 0
 1.210048496307198
 0
 0
 -0.8381571689897218
 0
 0.06064035602701616
 0
 -0.06064035602701616
 0
 0.7437826546349515
 0.09437451435477015
 0
 0.09437451435477015
 0
 0.06064035602701616
 0
 -0.06064035602701616
 0
 0.3718913273174758
 0
 -0.3718913273174758
 0
 0
 0.09437451435477015
 0
 0.09437451435477015
 0.6697443793270792
 0
 0.1278506707063966
 0
 0.2881458865568843
 0
 1.509449163476591
 0
 0
 -0.2079982786316404
 0
 1.089596771401836
 0
 -0.1024920881669249
 0
 -0.03502377151141688
 0
 -0.48409058093712
 0
 -1.416622264281612
 -0.06875792983917088
 0
 0.9503564226093659
 0
 0
 -0.6378037947106123
 0
 0.1217533815136561
 0
 -0.1217533815136561
 0
 0.4359028052717125
 0.2019009894388999
 0
 0.2019009894388999
 0
 0.06064035602701616
 0
 -0.06064035602701616
 0
 0.3718913273174758
 0
 -0.3718913273174758
 0
 0
 0.09437451435477015
 0
 0.09437451435477015
 0.5716345355491353
 0
 0.2259605144843406
 0
 0.509262817419717
 0
 1.288332232613759
 0
 0
 -0.3676116659520288
 0
 0.929983384081447
 0
 -0.0775948448599801
 0
 -0.01012652820447209
 0
 -0.1399665629893984
 0
 -1.07249824633389
 -0.0438606865322261
 0
 0.6062324046616444
 0
 0
 -0.4121345349342905
 0
 0.1629120106626447
 0
 -0.1629120106626447
 0
 0.1075713728039575
 0.304563162130333
 0
 0.304563162130333
 0
 0.06064035602701616
 0
 -0.06064035602701616
 0
 0.3718913273174758
 0
 -0.3718913273174758
 0
 0
 0.09437451435477015
 0
 0.09437451435477015
 0.4581682429411153
 0
 0.3394268070923606
 0
 0.7649896376015449
 0
 1.032605412431931
 0
 0
 -0.5522082223469529
 0
 0.7453868276865231
 0
 -0.0488006098941922
 0
 0.01866770676131581
 0
 0.2580207847662375
 0
 -0.6745108985782545
 -0.0150664515664382
 0
 0.2082450569060085
 0
 0
 -0.2077485077935222
 0
 0.1539072464427012
 0
 -0.1539072464427012
 0
 -0.1589401539037712
 0.3666886616972934
 0
 0.3666886616972934
 0
 0.06064035602701616
 0
 -0.06064035602701616
 0
 0.3718913273174758
 0
 -0.3718913273174758
 0
 0
 0.09437451435477015
 0
 0.09437451435477015
 0.3394268070923606
 0
 0.4581682429411153
 0
 1.032605412431931
 0
 0.7649896376015449
 0
 0
 -0.7453868276865231
 0
 0.5522082223469529
 0
 -0.01866770676131581
 0
 0.0488006098941922
 0
 0.6745108985782545
 0
 -0.2580207847662375
 0.0150664515664382
 0
 -0.2082450569060085
 0
 0
 -0.05887416881189103
 0
 0.0794700769518856
 0
 -0.0794700769518856
 0
 -0.3078144928854024
 0.3666886616972934
 0
 0.3666886616972934
 0
 0.06064035602701616
 0
 -0.06064035602701616
 0
 0.3718913273174758
 0
 -0.3718913273174758
 0
 0
 0.09437451435477015
 0
 0.09437451435477015
 0.2259605144843406
 0
 0.5716345355491353
 0
 1.288332232613759
 0
 0.509262817419717
 0
 0
 -0.929983384081447
 0
 0.3676116659520288
 0
 0.01012652820447209
 0
 0.0775948448599801
 0
 1.07249824633389
 0
 0.1399665629893984
 0.0438606865322261
 0
 -0.6062324046616444
 0
 0
 0.0212608591949565
 0
 -0.05378568640197875
 0
 0.05378568640197875
 0
 -0.3258240213252895
 0.304563162130333
 0
 0.304563162130333
 0
 0.06064035602701616
 0
 -0.06064035602701616
 0
 0.3718913273174758
 0
 -0.3718913273174758
 0
 0
 0.09437451435477015
 0
 0.09437451435477015
 0.1278506707063966
 0
 0.6697443793270792
 0
 1.509449163476591
 0
 0.2881458865568844
 0
 0
 -1.089596771401836
 0
 0.2079982786316405
 0
 0.03502377151141686
 0
 0.1024920881669249
 0
 1.416622264281612
 0
 0.4840905809371198
 0.06875792983917087
 0
 -0.9503564226093657
 0
 0
 0.04160577358841219
 0
 -0.2179514026358561
 0
 0.2179514026358561
 0
 -0.2435067630273122
 0.2019009894389
 0
 0.2019009894389
 0
 0.06064035602701616
 0
 -0.06064035602701616
 0
 0.3718913273174758
 0
 -0.3718913273174758
 0
 0
 0.09437451435477015
 0
 0.09437451435477015
 0.0538123953985243
 0
 0.7437826546349515
 0
 1.676314337979444
 0
 0.1212807120540323
 0
 0
 -1.210048496307198
 0
 0.08754655372627831
 0
 0.0538123953985243
 0
 0.1212807120540323
 0
 1.676314337979444
 0
 0.7437826546349515
 0.08754655372627831
 0
 -1.210048496307198
 0
 0
 0.02690619769926215
 0
 -0.3718913273174758
 0
 0.3718913273174758
 0
 -0.1212807120540323
 0.09437451435477015
 0
 0.09437451435477015
 0
 0.06064035602701616
 0
 -0.06064035602701616
 0
 0.3718913273174758
 0
 -0.3718913273174758
 0
 0
 0.09437451435477015
 0
 0.09437451435477015
 0.01040601184644665
 0
 0.7871890381870292
 0
 1.774142302445615
 0
 0.02345274758786067
 0
 0
 -1.280665670316322
 0
 0.01692937971715366
 0
 0.06482759276054065
 0
 0.1322959094160487
 0
 1.828563883359709
 0
 0.8960322000152174
 0.09856175108829465
 0
 -1.362298041687463
 0
 0
 0.006268041900447574
 0
 -0.4741618544874315
 0
 0.4741618544874315
 0
 -0.02558281954230917
 0.01931477764186161
 0
 0.01931477764186161
 0
 0.01279140977115458
 0
 -0.01279140977115458
 0
 0.4741618544874315
 0
 -0.4741618544874315
 0
 0
 0.01931477764186161
 0
 0.01931477764186161
 0.948323708974863
 0
 0.01253608380089515
 0
 0.02558281954230917
 0
 1.935276973233449
 0
 0
 -0.01905945167160216
 0
 1.441800341104156
 0
 -0.02558281954230917
 0
 -0.01253608380089515
 0
 -0.948323708974863
 0
 -1.935276973233449
 -0.01905945167160216
 0
 1.441800341104156
 0
 0
 -0.9676384866167245
 0
 0.01279140977115458
 0
 -0.01279140977115458
 0
 0.948323708974863
 0.01931477764186161
 0
 0.01931477764186161
 0
 0.01279140977115458
 0
 -0.01279140977115458
 0
 0.4741618544874315
 0
 -0.4741618544874315
 0
 0
 0.01931477764186161
 0
 0.01931477764186161
 0.8960322000152174
 0
 0.06482759276054065
 0
 0.1322959094160487
 0
 1.828563883359709
 0
 0
 -0.09856175108829465
 0
 1.362298041687463
 0
 -0.02345274758786067
 0
 -0.01040601184644665
 0
 -0.7871890381870292
 0
 -1.774142302445615
 -0.01692937971715366
 0
 1.280665670316322
 0
 0
 -0.8381571689897218
 0
 0.06064035602701616
 0
 -0.06064035602701616
 0
 0.7437826546349515
 0.09437451435477015
 0
 0.09437451435477015
 0
 0.01279140977115458
 0
 -0.01279140977115458
 0
 0.4741618544874315
 0
 -0.4741618544874315
 0
 0
 0.01931477764186161
 0
 0.01931477764186161
 0.8068385648907129
 0
 0.154021227885045
 0
 0.3143164437355327
 0
 1.646543349040225
 0
 0
 -0.2341688358102889
 0
 1.226690956965469
 0
 -0.01981948351738533
 0
 -0.006772747775971319
 0
 -0.5123416046725655
 0
 -1.499294868931152
 -0.01329611564667833
 0
 1.005818236801858
 0
 0
 -0.6378037947106123
 0
 0.1217533815136561
 0
 -0.1217533815136561
 0
 0.4359028052717125
 0.2019009894388999
 0
 0.2019009894388999
 0
 0.01279140977115458
 0
 -0.01279140977115458
 0
 0.4741618544874315
 0
 -0.4741618544874315
 0
 0
 0.01931477764186161
 0
 0.01931477764186161
 0.6886460006843772
 0
 0.2722137920913809
 0
 0.5555160950267574
 0
 1.405343697749001
 0
 0
 -0.4138649435590691
 0
 1.046994849216689
 0
 -0.0150049606388324
 0
 -0.001958224897418384
 0
 -0.1481348662964521
 0
 -1.135088130555038
 -0.008481592768125393
 0
 0.6416114984257452
 0
 0
 -0.4121345349342905
 0
 0.1629120106626447
 0
 -0.1629120106626447
 0
 0.1075713728039575
 0.304563162130333
 0
 0.304563162130333
 0
 0.01279140977115458
 0
 -0.01279140977115458
 0
 0.4741618544874315
 0
 -0.4741618544874315
 0
 0
 0.01931477764186161
 0
 0.01931477764186161
 0.5519535796396381
 0
 0.40890621313612
 0
 0.8344690436453044
 0
 1.126390749130454
 0
 0
 -0.6216876283907122
 0
 0.8391721643850457
 0
 -0.009436854109763559
 0
 0.003609881631650459
 0
 0.2730786098959028
 0
 -0.7138746543626832
 -0.00291348623905655
 0
 0.2203980222333902
 0
 0
 -0.2077485077935222
 0
 0.1539072464427012
 0
 -0.1539072464427012
 0
 -0.1589401539037712
 0.3666886616972934
 0
 0.3666886616972934
 0
 0.01279140977115458
 0
 -0.01279140977115458
 0
 0.4741618544874315
 0
 -0.4741618544874315
 0
 0
 0.01931477764186161
 0
 0.01931477764186161
 0.40890621313612
 0
 0.5519535796396381
 0
 1.126390749130454
 0
 0.8344690436453044
 0
 0
 -0.8391721643850457
 0
 0.6216876283907122
 0
 -0.003609881631650459
 0
 0.009436854109763559
 0
 0.7138746543626832
 0
 -0.2730786098959028
 0.00291348623905655
 0
 -0.2203980222333902
 0
 0
 -0.05887416881189103
 0
 0.0794700769518856
 0
 -0.0794700769518856
 0
 -0.3078144928854024
 0.3666886616972934
 0
 0.3666886616972934
 0
 0.01279140977115458
 0
 -0.01279140977115458
 0
 0.4741618544874315
 0
 -0.4741618544874315
 0
 0
 0.01931477764186161
 0
 0.01931477764186161
 0.2722137920913809
 0
 0.6886460006843772
 0
 1.405343697749001
 0
 0.5555160950267574
 0
 0
 -1.046994849216689
 0
 0.4138649435590691
 0
 0.001958224897418384
 0
 0.0150049606388324
 0
 1.135088130555038
 0
 0.1481348662964521
 0.008481592768125393
 0
 -0.6416114984257452
 0
 0
 0.0212608591949565
 0
 -0.05378568640197875
 0
 0.05378568640197875
 0
 -0.3258240213252895
 0.304563162130333
 0
 0.304563162130333
 0
 0.01279140977115458
 0
 -0.01279140977115458
 0
 0.4741618544874315
 0
 -0.4741618544874315
 0
 0
 0.01931477764186161
 0
 0.01931477764186161
 0.1540212278850451
 0
 0.8068385648907129
 0
 1.646543349040225
 0
 0.3143164437355329
 0
 0
 -1.226690956965469
 0
 0.234168835810289
 0
 0.006772747775971317
 0
 0.01981948351738533
 0
 1.499294868931151
 0
 0.5123416046725653
 0.01329611564667832
 0
 -1.005818236801858
 0
 0
 0.04160577358841219
 0
 -0.2179514026358561
 0
 0.2179514026358561
 0
 -0.2435067630273122
 0.2019009894389
 0
 0.2019009894389
 0
 0.01279140977115458
 0
 -0.01279140977115458
 0
 0.4741618544874315
 0
 -0.4741618544874315
 0
 0
 0.01931477764186161
 0
 0.01931477764186161
 0.06482759276054065
 0
 0.8960322000152174
 0
 1.828563883359709
 0
 0.1322959094160487
 0
 0
 -1.362298041687463
 0
 0.09856175108829465
 0
 0.01040601184644665
 0
 0.02345274758786067
 0
 1.774142302445615
 0
 0.7871890381870292
 0.01692937971715366
 0
 -1.280665670316322
 0
 0
 0.02690619769926215
 0
 -0.3718913273174758
 0
 0.3718913273174758
 0
 -0.1212807120540323
 0.09437451435477015
 0
 0.09437451435477015
 0
 0.01279140977115458
 0
 -0.01279140977115458
 0
 0.4741618544874315
 0
 -0.4741618544874315
 0
 0
 0.01931477764186161
 0
 0.01931477764186161
 0.01253608380089515
 0
 0.948323708974863
 0
 1.935276973233449
 0
 0.02558281954230917
 0
 0
 -1.441800341104156
 0
 0.01905945167160216
 0
 0.01253608380089515
 0
 0.02558281954230917
 0
 1.935276973233449
 0
 0.948323708974863
 0.01905945167160216
 0
 -1.441800341104156
 0
 0
 0.006268041900447574
 0
 -0.4741618544874315
 0
 0.4741618544874315
 0
 -0.02558281954230917
 0.01931477764186161
 0
 0.01931477764186161
 0


# name: edgeBasis
# type: matrix
# ndims: 4
 12 2 10 4
 0.986953264258586
 0
 0.01304673574141402
 0
 0
 0
 0
 0
 0
 0
 0
 -0
 0
 0.948323708974863
 0
 -0.02558281954230917
 0
 -0
 0
 0
 -0.03862955528372322
 0
 0
 0
 0.932531683344492
 0
 0.06746831665550801
 0
 0
 0
 0
 0
 0
 0
 0
 -0
 0
 0.7437826546349515
 0
 -0.1212807120540323
 0
 -0
 0
 0
 -0.1887490287095403
 0
 0
 0
 0.8397047841495122
 0
 0.1602952158504877
 0
 0
 0
 0
 0
 0
 0
 0
 -0
 0
 0.4359028052717125
 0
 -0.2435067630273121
 0
 -0
 0
 0
 -0.4038019788777998
 0
 0
 0
 0.7166976970646235
 0
 0.2833023029353765
 0
 0
 0
 0
 0
 0
 0
 0
 -0
 0
 0.1075713728039575
 0
 -0.3258240213252895
 0
 -0
 0
 0
 -0.6091263242606659
 0
 0
 0
 0.5744371694908156
 0
 0.4255628305091844
 0
 0
 0
 0
 0
 0
 0
 0
 -0
 0
 -0.1589401539037712
 0
 -0.3078144928854024
 0
 -0
 0
 -0
 -0.7333773233945868
 0
 0
 0
 0.4255628305091844
 0
 0.5744371694908156
 0
 0
 0
 0
 0
 0
 0
 0
 -0
 0
 -0.3078144928854024
 0
 -0.1589401539037712
 0
 -0
 0
 -0
 -0.7333773233945868
 0
 0
 0
 0.2833023029353765
 0
 0.7166976970646235
 0
 0
 0
 0
 0
 0
 0
 0
 -0
 0
 -0.3258240213252895
 0
 0.1075713728039575
 0
 0
 0
 -0
 -0.6091263242606659
 0
 0
 0
 0.1602952158504878
 0
 0.8397047841495122
 0
 0
 0
 0
 0
 0
 0
 0
 -0
 0
 -0.2435067630273122
 0
 0.4359028052717123
 0
 0
 0
 -0
 -0.4038019788777999
 0
 0
 0
 0.06746831665550801
 0
 0.932531683344492
 0
 0
 0
 0
 0
 0
 0
 0
 -0
 0
 -0.1212807120540323
 0
 0.7437826546349515
 0
 0
 0
 -0
 -0.1887490287095403
 0
 0
 0
 0.01304673574141402
 0
 0.986953264258586
 0
 0
 0
 0
 0
 0
 0
 0
 -0
 0
 -0.02558281954230917
 0
 0.948323708974863
 0
 0
 0
 -0
 -0.03862955528372322
 0
 0
 0
 0
 0
 0.948323708974863
 0
 -0.02558281954230917
 0
 -0
 0
 0
 0.03862955528372322
 0
 -0
 0
 0
 0
 0.986953264258586
 0
 0.01304673574141402
 0
 0
 -0
 0
 0
 0
 0
 0
 0.7437826546349515
 0
 -0.1212807120540323
 0
 -0
 0
 0
 0.1887490287095403
 0
 -0
 0
 0
 0
 0.932531683344492
 0
 0.06746831665550801
 0
 0
 -0
 0
 0
 0
 0
 0
 0.4359028052717125
 0
 -0.2435067630273121
 0
 -0
 0
 0
 0.4038019788777998
 0
 -0
 0
 0
 0
 0.8397047841495122
 0
 0.1602952158504877
 0
 0
 -0
 0
 0
 0
 0
 0
 0.1075713728039575
 0
 -0.3258240213252895
 0
 -0
 0
 0
 0.6091263242606659
 0
 -0
 0
 0
 0
 0.7166976970646235
 0
 0.2833023029353765
 0
 0
 -0
 0
 0
 0
 -0
 0
 -0.1589401539037712
 0
 -0.3078144928854024
 0
 -0
 0
 0
 0.7333773233945868
 0
 -0
 0
 0
 0
 0.5744371694908156
 0
 0.4255628305091844
 0
 0
 -0
 0
 0
 0
 -0
 0
 -0.3078144928854024
 0
 -0.1589401539037712
 0
 -0
 0
 0
 0.7333773233945868
 0
 -0
 0
 0
 0
 0.4255628305091844
 0
 0.5744371694908156
 0
 0
 -0
 0
 0
 0
 -0
 0
 -0.3258240213252895
 0
 0.1075713728039575
 0
 0
 0
 0
 0.6091263242606659
 0
 -0
 0
 0
 0
 0.2833023029353765
 0
 0.7166976970646235
 0
 0
 -0
 0
 0
 0
 -0
 0
 -0.2435067630273122
 0
 0.4359028052717123
 0
 0
 0
 0
 0.4038019788777999
 0
 -0
 0
 0
 0
 0.1602952158504878
 0
 0.8397047841495122
 0
 0
 -0
 0
 0
 0
 -0
 0
 -0.1212807120540323
 0
 0.7437826546349515
 0
 0
 0
 0
 0.1887490287095403
 0
 -0
 0
 0
 0
 0.06746831665550801
 0
 0.932531683344492
 0
 0
 -0
 0
 0
 0
 -0
 0
 -0.02558281954230917
 0
 0.948323708974863
 0
 0
 0
 0
 0.03862955528372322
 0
 -0
 0
 0
 0
 0.01304673574141402
 0
 0.986953264258586
 0
 0
 -0
 0
 0
 0
 0
 0
 0
 0
 0.986953264258586
 0
 0.01304673574141402
 0
 0
 0
 0
 -0
 0
 -0
 0
 0
 0
 0.948323708974863
 0
 -0.02558281954230917
 -0
 0
 0.03862955528372322
 0
 0
 0
 0
 0
 0.932531683344492
 0
 0.06746831665550801
 0
 0
 0
 0
 -0
 0
 -0
 0
 0
 0
 0.7437826546349515
 0
 -0.1212807120540323
 -0
 0
 0.1887490287095403
 0
 0
 0
 0
 0
 0.8397047841495122
 0
 0.1602952158504877
 0
 0
 0
 0
 -0
 0
 -0
 0
 0
 0
 0.4359028052717125
 0
 -0.2435067630273121
 -0
 0
 0.4038019788777998
 0
 0
 0
 0
 0
 0.7166976970646235
 0
 0.2833023029353765
 0
 0
 0
 0
 -0
 0
 -0
 0
 0
 0
 0.1075713728039575
 0
 -0.3258240213252895
 -0
 0
 0.6091263242606659
 0
 0
 0
 0
 0
 0.5744371694908156
 0
 0.4255628305091844
 0
 0
 0
 0
 -0
 0
 -0
 0
 -0
 0
 -0.1589401539037712
 0
 -0.3078144928854024
 -0
 0
 0.7333773233945868
 0
 0
 0
 0
 0
 0.4255628305091844
 0
 0.5744371694908156
 0
 0
 0
 0
 -0
 0
 -0
 0
 -0
 0
 -0.3078144928854024
 0
 -0.1589401539037712
 -0
 0
 0.7333773233945868
 0
 0
 0
 0
 0
 0.2833023029353765
 0
 0.7166976970646235
 0
 0
 0
 0
 -0
 0
 0
 0
 -0
 0
 -0.3258240213252895
 0
 0.1075713728039575
 -0
 0
 0.6091263242606659
 0
 0
 0
 0
 0
 0.1602952158504878
 0
 0.8397047841495122
 0
 0
 0
 0
 -0
 0
 0
 0
 -0
 0
 -0.2435067630273122
 0
 0.4359028052717123
 -0
 0
 0.4038019788777999
 0
 0
 0
 0
 0
 0.06746831665550801
 0
 0.932531683344492
 0
 0
 0
 0
 -0
 0
 0
 0
 -0
 0
 -0.1212807120540323
 0
 0.7437826546349515
 -0
 0
 0.1887490287095403
 0
 0
 0
 0
 0
 0.01304673574141402
 0
 0.986953264258586
 0
 0
 0
 0
 -0
 0
 0
 0
 -0
 0
 -0.02558281954230917
 0
 0.948323708974863
 -0
 0
 0.03862955528372322
 0
 -0.02558281954230917
 0
 -0
 0
 0
 0
 0.948323708974863
 0
 0
 0
 0
 -0.03862955528372322
 0
 0.01304673574141402
 0
 0
 0
 0
 0
 0.986953264258586
 -0
 0
 0
 0
 -0.1212807120540323
 0
 -0
 0
 0
 0
 0.7437826546349515
 0
 0
 0
 0
 -0.1887490287095403
 0
 0.06746831665550801
 0
 0
 0
 0
 0
 0.932531683344492
 -0
 0
 0
 0
 -0.2435067630273121
 0
 -0
 0
 0
 0
 0.4359028052717125
 0
 0
 0
 0
 -0.4038019788777998
 0
 0.1602952158504877
 0
 0
 0
 0
 0
 0.8397047841495122
 -0
 0
 0
 0
 -0.3258240213252895
 0
 -0
 0
 0
 0
 0.1075713728039575
 0
 0
 0
 0
 -0.6091263242606659
 0
 0.2833023029353765
 0
 0
 0
 0
 0
 0.7166976970646235
 -0
 0
 0
 0
 -0.3078144928854024
 0
 -0
 0
 -0
 0
 -0.1589401539037712
 0
 0
 0
 0
 -0.7333773233945868
 0
 0.4255628305091844
 0
 0
 0
 0
 0
 0.5744371694908156
 -0
 0
 0
 0
 -0.1589401539037712
 0
 -0
 0
 -0
 0
 -0.3078144928854024
 0
 0
 0
 0
 -0.7333773233945868
 0
 0.5744371694908156
 0
 0
 0
 0
 0
 0.4255628305091844
 -0
 0
 0
 0
 0.1075713728039575
 0
 0
 0
 -0
 0
 -0.3258240213252895
 0
 0
 0
 0
 -0.6091263242606659
 0
 0.7166976970646235
 0
 0
 0
 0
 0
 0.2833023029353765
 -0
 0
 0
 0
 0.4359028052717123
 0
 0
 0
 -0
 0
 -0.2435067630273122
 0
 0
 0
 0
 -0.4038019788777999
 0
 0.8397047841495122
 0
 0
 0
 0
 0
 0.1602952158504878
 -0
 0
 0
 0
 0.7437826546349515
 0
 0
 0
 -0
 0
 -0.1212807120540323
 0
 0
 0
 0
 -0.1887490287095403
 0
 0.932531683344492
 0
 0
 0
 0
 0
 0.06746831665550801
 -0
 0
 0
 0
 0.948323708974863
 0
 0
 0
 -0
 0
 -0.02558281954230917
 0
 0
 0
 0
 -0.03862955528372322
 0
 0.986953264258586
 0
 0
 0
 0
 0
 0.01304673574141402
 -0
 0
 0
 0


