# Created by Octave 3.8.1, Mon Aug 17 16:45:50 2015 PDT <ataicher@ataicher-Inspiron-7548>
# name: basis
# type: matrix
# ndims: 3
 12 2 25
 0.7805438174761197
 0
 0.03841754038227791
 0
 -0.004091425994343698
 0
 -0.08312706208592271
 0
 0
 0.006291981321366905
 0
 -0.1278365837895675
 0
 0.7805438174761197
 0
 -0.08312706208592271
 0
 -0.004091425994343698
 0
 0.03841754038227791
 -0.1278365837895675
 0
 0.006291981321366905
 0
 0.6299734576138111
 0
 0.1889879002445864
 0
 -0.02012700448761232
 0
 -0.0670914835926541
 0
 0
 0.03095222459509221
 0
 -0.1031763405158422
 0
 0.2255930999396659
 0
 -0.2876165733503086
 0
 -0.01415618325826523
 0
 0.01110345355744301
 -0.5075566981899873
 0
 0.02498140336574512
 0
 0.4094806789291988
 0
 0.4094806789291988
 0
 -0.04360924404013321
 0
 -0.04360924404013321
 0
 0
 0.06706428255546722
 0
 -0.06706428255546722
 0
 -0.238272480742333
 0
 -0.238272480742333
 0
 -0.011727519257667
 0
 -0.011727519257667
 -0.7148174422269989
 0
 0.03518255777300101
 0
 0.1889879002445864
 0
 0.6299734576138111
 0
 -0.0670914835926541
 0
 -0.02012700448761231
 0
 0
 0.1031763405158422
 0
 -0.03095222459509219
 0
 -0.2876165733503086
 0
 0.2255930999396661
 0
 0.01110345355744302
 0
 -0.01415618325826523
 -0.5075566981899872
 0
 0.02498140336574511
 0
 0.03841754038227795
 0
 0.7805438174761197
 0
 -0.08312706208592271
 0
 -0.004091425994343702
 0
 0
 0.1278365837895675
 0
 -0.006291981321366913
 0
 -0.0831270620859228
 0
 0.7805438174761195
 0
 0.0384175403822779
 0
 -0.004091425994343702
 -0.1278365837895677
 0
 0.006291981321366913
 0
 0.2255930999396659
 0
 0.01110345355744301
 0
 -0.01415618325826523
 0
 -0.2876165733503086
 0
 0
 0.02498140336574512
 0
 -0.5075566981899873
 0
 0.6299734576138111
 0
 -0.0670914835926541
 0
 -0.02012700448761232
 0
 0.1889879002445864
 -0.1031763405158422
 0
 0.03095222459509221
 0
 0.1820751916815451
 0
 0.05462136181556392
 0
 -0.06963869427443246
 0
 -0.2321340623341414
 0
 0
 0.1228913387030136
 0
 -0.4096467628527189
 0
 0.1820751916815451
 0
 -0.2321340623341414
 0
 -0.06963869427443246
 0
 0.05462136181556392
 -0.4096467628527189
 0
 0.1228913387030136
 0
 0.1183482767485545
 0
 0.1183482767485545
 0
 -0.1508863783042869
 0
 -0.1508863783042869
 0
 0
 0.2662690507778662
 0
 -0.2662690507778662
 0
 -0.1923086637632104
 0
 -0.1923086637632104
 0
 -0.05769133623678964
 0
 -0.05769133623678964
 -0.5769259912896312
 0
 0.1730740087103689
 0
 0.05462136181556391
 0
 0.1820751916815451
 0
 -0.2321340623341414
 0
 -0.06963869427443245
 0
 0
 0.4096467628527189
 0
 -0.1228913387030135
 0
 -0.2321340623341414
 0
 0.1820751916815452
 0
 0.05462136181556396
 0
 -0.06963869427443246
 -0.4096467628527189
 0
 0.1228913387030135
 0
 0.01110345355744303
 0
 0.2255930999396659
 0
 -0.2876165733503086
 0
 -0.01415618325826525
 0
 0
 0.5075566981899873
 0
 -0.02498140336574515
 0
 -0.06709148359265417
 0
 0.629973457613811
 0
 0.1889879002445864
 0
 -0.02012700448761234
 -0.1031763405158424
 0
 0.03095222459509224
 0
 -0.238272480742333
 0
 -0.011727519257667
 0
 -0.011727519257667
 0
 -0.238272480742333
 0
 0
 0.03518255777300101
 0
 -0.7148174422269989
 0
 0.4094806789291988
 0
 -0.04360924404013321
 0
 -0.04360924404013321
 0
 0.4094806789291988
 -0.06706428255546722
 0
 0.06706428255546722
 0
 -0.1923086637632104
 0
 -0.05769133623678964
 0
 -0.05769133623678964
 0
 -0.1923086637632104
 0
 0
 0.1730740087103689
 0
 -0.5769259912896312
 0
 0.1183482767485545
 0
 -0.1508863783042869
 0
 -0.1508863783042869
 0
 0.1183482767485545
 -0.2662690507778662
 0
 0.2662690507778662
 0
 -0.125
 0
 -0.125
 0
 -0.125
 0
 -0.125
 0
 0
 0.375
 0
 -0.375
 0
 -0.125
 0
 -0.125
 0
 -0.125
 0
 -0.125
 -0.375
 0
 0.375
 0
 -0.05769133623678963
 0
 -0.1923086637632104
 0
 -0.1923086637632104
 0
 -0.05769133623678963
 0
 0
 0.5769259912896312
 0
 -0.1730740087103689
 0
 -0.1508863783042869
 0
 0.1183482767485546
 0
 0.1183482767485546
 0
 -0.1508863783042869
 -0.2662690507778662
 0
 0.2662690507778662
 0
 -0.01172751925766702
 0
 -0.238272480742333
 0
 -0.238272480742333
 0
 -0.01172751925766702
 0
 0
 0.7148174422269989
 0
 -0.03518255777300106
 0
 -0.04360924404013326
 0
 0.4094806789291986
 0
 0.4094806789291986
 0
 -0.04360924404013326
 -0.0670642825554673
 0
 0.0670642825554673
 0
 -0.2876165733503086
 0
 -0.01415618325826523
 0
 0.01110345355744302
 0
 0.2255930999396661
 0
 0
 0.02498140336574511
 0
 -0.5075566981899872
 0
 0.1889879002445864
 0
 -0.02012700448761231
 0
 -0.0670914835926541
 0
 0.6299734576138111
 -0.03095222459509219
 0
 0.1031763405158422
 0
 -0.2321340623341414
 0
 -0.06963869427443246
 0
 0.05462136181556396
 0
 0.1820751916815452
 0
 0
 0.1228913387030135
 0
 -0.4096467628527189
 0
 0.05462136181556391
 0
 -0.06963869427443245
 0
 -0.2321340623341414
 0
 0.1820751916815451
 -0.1228913387030135
 0
 0.4096467628527189
 0
 -0.1508863783042869
 0
 -0.1508863783042869
 0
 0.1183482767485546
 0
 0.1183482767485546
 0
 0
 0.2662690507778662
 0
 -0.2662690507778662
 0
 -0.05769133623678963
 0
 -0.05769133623678963
 0
 -0.1923086637632104
 0
 -0.1923086637632104
 -0.1730740087103689
 0
 0.5769259912896312
 0
 -0.06963869427443245
 0
 -0.2321340623341414
 0
 0.1820751916815452
 0
 0.05462136181556395
 0
 0
 0.4096467628527189
 0
 -0.1228913387030135
 0
 -0.06963869427443245
 0
 0.05462136181556395
 0
 0.1820751916815452
 0
 -0.2321340623341414
 -0.1228913387030135
 0
 0.4096467628527189
 0
 -0.01415618325826525
 0
 -0.2876165733503086
 0
 0.2255930999396661
 0
 0.01110345355744304
 0
 0
 0.5075566981899872
 0
 -0.02498140336574514
 0
 -0.02012700448761233
 0
 0.1889879002445864
 0
 0.629973457613811
 0
 -0.06709148359265417
 -0.03095222459509223
 0
 0.1031763405158424
 0
 -0.0831270620859228
 0
 -0.004091425994343702
 0
 0.0384175403822779
 0
 0.7805438174761195
 0
 0
 0.006291981321366913
 0
 -0.1278365837895677
 0
 0.03841754038227795
 0
 -0.004091425994343702
 0
 -0.08312706208592271
 0
 0.7805438174761197
 -0.006291981321366913
 0
 0.1278365837895675
 0
 -0.06709148359265417
 0
 -0.02012700448761234
 0
 0.1889879002445864
 0
 0.629973457613811
 0
 0
 0.03095222459509224
 0
 -0.1031763405158424
 0
 0.01110345355744303
 0
 -0.01415618325826525
 0
 -0.2876165733503086
 0
 0.2255930999396659
 -0.02498140336574515
 0
 0.5075566981899873
 0
 -0.04360924404013326
 0
 -0.04360924404013326
 0
 0.4094806789291986
 0
 0.4094806789291986
 0
 0
 0.0670642825554673
 0
 -0.0670642825554673
 0
 -0.01172751925766702
 0
 -0.01172751925766702
 0
 -0.238272480742333
 0
 -0.238272480742333
 -0.03518255777300106
 0
 0.7148174422269989
 0
 -0.02012700448761233
 0
 -0.06709148359265417
 0
 0.629973457613811
 0
 0.1889879002445864
 0
 0
 0.1031763405158424
 0
 -0.03095222459509223
 0
 -0.01415618325826525
 0
 0.01110345355744304
 0
 0.2255930999396661
 0
 -0.2876165733503086
 -0.02498140336574514
 0
 0.5075566981899872
 0
 -0.004091425994343706
 0
 -0.0831270620859228
 0
 0.7805438174761195
 0
 0.03841754038227794
 0
 0
 0.1278365837895677
 0
 -0.00629198132136692
 0
 -0.004091425994343706
 0
 0.03841754038227794
 0
 0.7805438174761195
 0
 -0.0831270620859228
 -0.00629198132136692
 0
 0.1278365837895677
 0


# name: basisDer
# type: matrix
# ndims: 4
 12 2 2 25
 -0.4094806789291988
 0
 0.4094806789291988
 0
 -0.04360924404013321
 0
 0.04360924404013321
 0
 0
 0.06706428255546722
 0
 0.06706428255546722
 -1.77205128082773
 0
 -0.08721848808026642
 0
 -0.0403084110495984
 0
 -0.8189613578583975
 0
 0
 0.06376344956493241
 0
 -1.295506319343063
 0
 -1.77205128082773
 0
 -0.8189613578583975
 0
 -0.0403084110495984
 0
 -0.08721848808026642
 -1.295506319343063
 0
 0.06376344956493241
 0
 0
 -0.8860256404138648
 0
 0.04360924404013321
 0
 -0.04360924404013321
 0
 0.8189613578583975
 0.06706428255546722
 0
 0.06706428255546722
 0
 -0.4094806789291988
 0
 0.4094806789291988
 0
 -0.04360924404013321
 0
 0.04360924404013321
 0
 0
 0.06706428255546722
 0
 0.06706428255546722
 -1.430214739336119
 0
 -0.4290550295718775
 0
 -0.1982896846247189
 0
 -0.6609800842832771
 0
 0
 0.3136723570982982
 0
 -1.045597411809698
 0
 -1.246359471419628
 0
 -0.2932695484502959
 0
 -0.01443441670822836
 0
 -0.06134449373889638
 -0.7698145099349619
 0
 0.03788945522356237
 0
 0
 -0.5029656042749753
 0
 0.1508863783042869
 0
 -0.1508863783042869
 0
 0.236696553497109
 0.2662690507778662
 0
 0.2662690507778662
 0
 -0.4094806789291988
 0
 0.4094806789291988
 0
 -0.04360924404013321
 0
 0.04360924404013321
 0
 0
 0.06706428255546722
 0
 0.06706428255546722
 -0.929634884453998
 0
 -0.929634884453998
 0
 -0.429634884453998
 0
 -0.429634884453998
 0
 0
 0.679634884453998
 0
 -0.679634884453998
 0
 -0.476544961484666
 0
 0.476544961484666
 0
 0.02345503851533401
 0
 -0.02345503851533401
 0
 0
 -0
 0
 0
 -0.125
 0
 0.125
 0
 -0.125
 0
 -0.25
 0.375
 0
 0.375
 0
 -0.4094806789291988
 0
 0.4094806789291988
 0
 -0.04360924404013321
 0
 0.04360924404013321
 0
 0
 0.06706428255546722
 0
 0.06706428255546722
 -0.4290550295718774
 0
 -1.430214739336119
 0
 -0.6609800842832771
 0
 -0.1982896846247189
 0
 0
 1.045597411809698
 0
 -0.3136723570982981
 0
 0.2932695484502961
 0
 1.246359471419628
 0
 0.06134449373889639
 0
 0.01443441670822837
 0.769814509934962
 0
 -0.03788945522356238
 0
 0
 0.03550370583070767
 0
 -0.1183482767485546
 0
 0.1183482767485546
 0
 -0.3017727566085738
 0.2662690507778662
 0
 0.2662690507778662
 0
 -0.4094806789291988
 0
 0.4094806789291988
 0
 -0.04360924404013321
 0
 0.04360924404013321
 0
 0
 0.06706428255546722
 0
 0.06706428255546722
 -0.08721848808026653
 0
 -1.77205128082773
 0
 -0.8189613578583975
 0
 -0.04030841104959845
 0
 0
 1.295506319343063
 0
 -0.06376344956493248
 0
 0.8189613578583973
 0
 1.772051280827729
 0
 0.0872184880802664
 0
 0.04030841104959839
 1.295506319343063
 0
 -0.06376344956493239
 0
 0
 0.02015420552479922
 0
 -0.4094806789291986
 0
 0.4094806789291986
 0
 -0.08721848808026651
 0.0670642825554673
 0
 0.0670642825554673
 0
 -0.1183482767485545
 0
 0.1183482767485545
 0
 -0.1508863783042869
 0
 0.1508863783042869
 0
 0
 0.2662690507778662
 0
 0.2662690507778662
 -1.246359471419628
 0
 -0.06134449373889638
 0
 -0.01443441670822836
 0
 -0.2932695484502959
 0
 0
 0.03788945522356237
 0
 -0.7698145099349619
 0
 -1.430214739336119
 0
 -0.6609800842832771
 0
 -0.1982896846247189
 0
 -0.4290550295718775
 -1.045597411809698
 0
 0.3136723570982982
 0
 0
 -0.8860256404138648
 0
 0.04360924404013321
 0
 -0.04360924404013321
 0
 0.8189613578583975
 0.06706428255546722
 0
 0.06706428255546722
 0
 -0.1183482767485545
 0
 0.1183482767485545
 0
 -0.1508863783042869
 0
 0.1508863783042869
 0
 0
 0.2662690507778662
 0
 0.2662690507778662
 -1.005931208549951
 0
 -0.3017727566085739
 0
 -0.07100741166141532
 0
 -0.236696553497109
 0
 0
 0.1863900841349946
 0
 -0.6213138810235298
 0
 -1.005931208549951
 0
 -0.236696553497109
 0
 -0.07100741166141532
 0
 -0.3017727566085739
 -0.6213138810235298
 0
 0.1863900841349946
 0
 0
 -0.5029656042749753
 0
 0.1508863783042869
 0
 -0.1508863783042869
 0
 0.236696553497109
 0.2662690507778662
 0
 0.2662690507778662
 0
 -0.1183482767485545
 0
 0.1183482767485545
 0
 -0.1508863783042869
 0
 0.1508863783042869
 0
 0
 0.2662690507778662
 0
 0.2662690507778662
 -0.6538519825792621
 0
 -0.6538519825792621
 0
 -0.1538519825792621
 0
 -0.1538519825792621
 0
 0
 0.4038519825792621
 0
 -0.4038519825792621
 0
 -0.3846173275264207
 0
 0.3846173275264207
 0
 0.1153826724735793
 0
 -0.1153826724735793
 0
 0
 -0
 0
 0
 -0.125
 0
 0.125
 0
 -0.125
 0
 -0.25
 0.375
 0
 0.375
 0
 -0.1183482767485545
 0
 0.1183482767485545
 0
 -0.1508863783042869
 0
 0.1508863783042869
 0
 0
 0.2662690507778662
 0
 0.2662690507778662
 -0.3017727566085738
 0
 -1.005931208549951
 0
 -0.236696553497109
 0
 -0.07100741166141529
 0
 0
 0.6213138810235298
 0
 -0.1863900841349946
 0
 0.2366965534971091
 0
 1.005931208549951
 0
 0.3017727566085739
 0
 0.07100741166141536
 0.6213138810235299
 0
 -0.1863900841349947
 0
 0
 0.03550370583070767
 0
 -0.1183482767485546
 0
 0.1183482767485546
 0
 -0.3017727566085738
 0.2662690507778662
 0
 0.2662690507778662
 0
 -0.1183482767485545
 0
 0.1183482767485545
 0
 -0.1508863783042869
 0
 0.1508863783042869
 0
 0
 0.2662690507778662
 0
 0.2662690507778662
 -0.06134449373889645
 0
 -1.246359471419628
 0
 -0.2932695484502959
 0
 -0.01443441670822838
 0
 0
 0.7698145099349619
 0
 -0.03788945522356242
 0
 0.6609800842832769
 0
 1.430214739336118
 0
 0.4290550295718774
 0
 0.1982896846247189
 1.045597411809698
 0
 -0.3136723570982982
 0
 0
 0.02015420552479922
 0
 -0.4094806789291986
 0
 0.4094806789291986
 0
 -0.08721848808026651
 0.0670642825554673
 0
 0.0670642825554673
 0
 0.125
 0
 -0.125
 0
 -0.125
 0
 0.125
 0
 0
 0.375
 0
 0.375
 -0.476544961484666
 0
 -0.02345503851533401
 0
 0.02345503851533401
 0
 0.476544961484666
 0
 0
 -0
 0
 0
 0
 -0.929634884453998
 0
 -0.429634884453998
 0
 -0.429634884453998
 0
 -0.929634884453998
 -0.679634884453998
 0
 0.679634884453998
 0
 0
 -0.8860256404138648
 0
 0.04360924404013321
 0
 -0.04360924404013321
 0
 0.8189613578583975
 0.06706428255546722
 0
 0.06706428255546722
 0
 0.125
 0
 -0.125
 0
 -0.125
 0
 0.125
 0
 0
 0.375
 0
 0.375
 -0.3846173275264207
 0
 -0.1153826724735793
 0
 0.1153826724735793
 0
 0.3846173275264207
 0
 0
 -0
 0
 0
 0
 -0.6538519825792621
 0
 -0.1538519825792621
 0
 -0.1538519825792621
 0
 -0.6538519825792621
 -0.4038519825792621
 0
 0.4038519825792621
 0
 0
 -0.5029656042749753
 0
 0.1508863783042869
 0
 -0.1508863783042869
 0
 0.236696553497109
 0.2662690507778662
 0
 0.2662690507778662
 0
 0.125
 0
 -0.125
 0
 -0.125
 0
 0.125
 0
 0
 0.375
 0
 0.375
 -0.25
 0
 -0.25
 0
 0.25
 0
 0.25
 0
 0
 -0
 0
 0
 0
 -0.25
 0
 0.25
 0
 0.25
 0
 -0.25
 0
 0
 -0
 0
 0
 -0.125
 0
 0.125
 0
 -0.125
 0
 -0.25
 0.375
 0
 0.375
 0
 0.125
 0
 -0.125
 0
 -0.125
 0
 0.125
 0
 0
 0.375
 0
 0.375
 -0.1153826724735793
 0
 -0.3846173275264207
 0
 0.3846173275264207
 0
 0.1153826724735793
 0
 0
 -0
 0
 0
 0
 0.1538519825792622
 0
 0.6538519825792622
 0
 0.6538519825792622
 0
 0.1538519825792622
 0.4038519825792622
 0
 -0.4038519825792622
 0
 0
 0.03550370583070767
 0
 -0.1183482767485546
 0
 0.1183482767485546
 0
 -0.3017727566085738
 0.2662690507778662
 0
 0.2662690507778662
 0
 0.125
 0
 -0.125
 0
 -0.125
 0
 0.125
 0
 0
 0.375
 0
 0.375
 -0.02345503851533404
 0
 -0.476544961484666
 0
 0.476544961484666
 0
 0.02345503851533404
 0
 0
 -0
 0
 0
 0
 0.4296348844539979
 0
 0.9296348844539979
 0
 0.9296348844539979
 0
 0.4296348844539979
 0.6796348844539979
 0
 -0.6796348844539979
 0
 0
 0.02015420552479922
 0
 -0.4094806789291986
 0
 0.4094806789291986
 0
 -0.08721848808026651
 0.0670642825554673
 0
 0.0670642825554673
 0
 0.1508863783042869
 0
 -0.1508863783042869
 0
 0.1183482767485546
 0
 -0.1183482767485546
 0
 0
 0.2662690507778662
 0
 0.2662690507778662
 0.2932695484502961
 0
 0.01443441670822837
 0
 0.06134449373889639
 0
 1.246359471419628
 0
 0
 -0.03788945522356238
 0
 0.769814509934962
 0
 -0.4290550295718774
 0
 -0.1982896846247189
 0
 -0.6609800842832771
 0
 -1.430214739336119
 -0.3136723570982981
 0
 1.045597411809698
 0
 0
 -0.8860256404138648
 0
 0.04360924404013321
 0
 -0.04360924404013321
 0
 0.8189613578583975
 0.06706428255546722
 0
 0.06706428255546722
 0
 0.1508863783042869
 0
 -0.1508863783042869
 0
 0.1183482767485546
 0
 -0.1183482767485546
 0
 0
 0.2662690507778662
 0
 0.2662690507778662
 0.2366965534971091
 0
 0.07100741166141536
 0
 0.3017727566085739
 0
 1.005931208549951
 0
 0
 -0.1863900841349947
 0
 0.6213138810235299
 0
 -0.3017727566085738
 0
 -0.07100741166141529
 0
 -0.236696553497109
 0
 -1.005931208549951
 -0.1863900841349946
 0
 0.6213138810235298
 0
 0
 -0.5029656042749753
 0
 0.1508863783042869
 0
 -0.1508863783042869
 0
 0.236696553497109
 0.2662690507778662
 0
 0.2662690507778662
 0
 0.1508863783042869
 0
 -0.1508863783042869
 0
 0.1183482767485546
 0
 -0.1183482767485546
 0
 0
 0.2662690507778662
 0
 0.2662690507778662
 0.1538519825792622
 0
 0.1538519825792622
 0
 0.6538519825792622
 0
 0.6538519825792622
 0
 0
 -0.4038519825792622
 0
 0.4038519825792622
 0
 -0.1153826724735793
 0
 0.1153826724735793
 0
 0.3846173275264207
 0
 -0.3846173275264207
 0
 0
 -0
 0
 0
 -0.125
 0
 0.125
 0
 -0.125
 0
 -0.25
 0.375
 0
 0.375
 0
 0.1508863783042869
 0
 -0.1508863783042869
 0
 0.1183482767485546
 0
 -0.1183482767485546
 0
 0
 0.2662690507778662
 0
 0.2662690507778662
 0.07100741166141535
 0
 0.2366965534971091
 0
 1.005931208549951
 0
 0.3017727566085738
 0
 0
 -0.6213138810235299
 0
 0.1863900841349946
 0
 0.07100741166141535
 0
 0.3017727566085738
 0
 1.005931208549951
 0
 0.2366965534971091
 0.1863900841349946
 0
 -0.6213138810235299
 0
 0
 0.03550370583070767
 0
 -0.1183482767485546
 0
 0.1183482767485546
 0
 -0.3017727566085738
 0.2662690507778662
 0
 0.2662690507778662
 0
 0.1508863783042869
 0
 -0.1508863783042869
 0
 0.1183482767485546
 0
 -0.1183482767485546
 0
 0
 0.2662690507778662
 0
 0.2662690507778662
 0.01443441670822839
 0
 0.2932695484502961
 0
 1.246359471419628
 0
 0.06134449373889646
 0
 0
 -0.769814509934962
 0
 0.03788945522356243
 0
 0.1982896846247188
 0
 0.4290550295718773
 0
 1.430214739336118
 0
 0.6609800842832769
 0.313672357098298
 0
 -1.045597411809698
 0
 0
 0.02015420552479922
 0
 -0.4094806789291986
 0
 0.4094806789291986
 0
 -0.08721848808026651
 0.0670642825554673
 0
 0.0670642825554673
 0
 0.04360924404013326
 0
 -0.04360924404013326
 0
 0.4094806789291986
 0
 -0.4094806789291986
 0
 0
 0.0670642825554673
 0
 0.0670642825554673
 0.8189613578583973
 0
 0.04030841104959839
 0
 0.0872184880802664
 0
 1.772051280827729
 0
 0
 -0.06376344956493239
 0
 1.295506319343063
 0
 -0.08721848808026653
 0
 -0.04030841104959845
 0
 -0.8189613578583975
 0
 -1.77205128082773
 -0.06376344956493248
 0
 1.295506319343063
 0
 0
 -0.8860256404138648
 0
 0.04360924404013321
 0
 -0.04360924404013321
 0
 0.8189613578583975
 0.06706428255546722
 0
 0.06706428255546722
 0
 0.04360924404013326
 0
 -0.04360924404013326
 0
 0.4094806789291986
 0
 -0.4094806789291986
 0
 0
 0.0670642825554673
 0
 0.0670642825554673
 0.6609800842832769
 0
 0.1982896846247189
 0
 0.4290550295718774
 0
 1.430214739336118
 0
 0
 -0.3136723570982982
 0
 1.045597411809698
 0
 -0.06134449373889645
 0
 -0.01443441670822838
 0
 -0.2932695484502959
 0
 -1.246359471419628
 -0.03788945522356242
 0
 0.7698145099349619
 0
 0
 -0.5029656042749753
 0
 0.1508863783042869
 0
 -0.1508863783042869
 0
 0.236696553497109
 0.2662690507778662
 0
 0.2662690507778662
 0
 0.04360924404013326
 0
 -0.04360924404013326
 0
 0.4094806789291986
 0
 -0.4094806789291986
 0
 0
 0.0670642825554673
 0
 0.0670642825554673
 0.4296348844539979
 0
 0.4296348844539979
 0
 0.9296348844539979
 0
 0.9296348844539979
 0
 0
 -0.6796348844539979
 0
 0.6796348844539979
 0
 -0.02345503851533404
 0
 0.02345503851533404
 0
 0.476544961484666
 0
 -0.476544961484666
 0
 0
 -0
 0
 0
 -0.125
 0
 0.125
 0
 -0.125
 0
 -0.25
 0.375
 0
 0.375
 0
 0.04360924404013326
 0
 -0.04360924404013326
 0
 0.4094806789291986
 0
 -0.4094806789291986
 0
 0
 0.0670642825554673
 0
 0.0670642825554673
 0.1982896846247188
 0
 0.6609800842832769
 0
 1.430214739336118
 0
 0.4290550295718773
 0
 0
 -1.045597411809698
 0
 0.313672357098298
 0
 0.01443441670822839
 0
 0.06134449373889646
 0
 1.246359471419628
 0
 0.2932695484502961
 0.03788945522356243
 0
 -0.769814509934962
 0
 0
 0.03550370583070767
 0
 -0.1183482767485546
 0
 0.1183482767485546
 0
 -0.3017727566085738
 0.2662690507778662
 0
 0.2662690507778662
 0
 0.04360924404013326
 0
 -0.04360924404013326
 0
 0.4094806789291986
 0
 -0.4094806789291986
 0
 0
 0.0670642825554673
 0
 0.0670642825554673
 0.04030841104959844
 0
 0.8189613578583973
 0
 1.772051280827729
 0
 0.08721848808026651
 0
 0
 -1.295506319343063
 0
 0.06376344956493248
 0
 0.04030841104959844
 0
 0.08721848808026651
 0
 1.772051280827729
 0
 0.8189613578583973
 0.06376344956493248
 0
 -1.295506319343063
 0
 0
 0.02015420552479922
 0
 -0.4094806789291986
 0
 0.4094806789291986
 0
 -0.08721848808026651
 0.0670642825554673
 0
 0.0670642825554673
 0


# name: edgeBasis
# type: matrix
# ndims: 4
 12 2 5 4
 0.9530899229693319
 0
 0.04691007703066802
 0
 0
 0
 0
 0
 0
 0
 0
 -0
 0
 0.8189613578583975
 0
 -0.08721848808026642
 0
 -0
 0
 0
 -0.1341285651109344
 0
 0
 0
 0.7692346550528415
 0
 0.2307653449471586
 0
 0
 0
 0
 0
 0
 0
 0
 -0
 0
 0.236696553497109
 0
 -0.3017727566085739
 0
 -0
 0
 0
 -0.5325381015557324
 0
 0
 0
 0.5
 0
 0.5
 0
 0
 0
 0
 0
 0
 0
 0
 -0
 0
 -0.25
 0
 -0.25
 0
 -0
 0
 -0
 -0.75
 0
 0
 0
 0.2307653449471585
 0
 0.7692346550528415
 0
 0
 0
 0
 0
 0
 0
 0
 -0
 0
 -0.3017727566085738
 0
 0.2366965534971091
 0
 0
 0
 -0
 -0.5325381015557323
 0
 0
 0
 0.04691007703066807
 0
 0.9530899229693319
 0
 0
 0
 0
 0
 0
 0
 0
 -0
 0
 -0.08721848808026651
 0
 0.8189613578583973
 0
 0
 0
 -0
 -0.1341285651109346
 0
 0
 0
 0
 0
 0.8189613578583975
 0
 -0.08721848808026642
 0
 -0
 0
 0
 0.1341285651109344
 0
 -0
 0
 0
 0
 0.9530899229693319
 0
 0.04691007703066802
 0
 0
 -0
 0
 0
 0
 0
 0
 0.236696553497109
 0
 -0.3017727566085739
 0
 -0
 0
 0
 0.5325381015557324
 0
 -0
 0
 0
 0
 0.7692346550528415
 0
 0.2307653449471586
 0
 0
 -0
 0
 0
 0
 -0
 0
 -0.25
 0
 -0.25
 0
 -0
 0
 0
 0.75
 0
 -0
 0
 0
 0
 0.5
 0
 0.5
 0
 0
 -0
 0
 0
 0
 -0
 0
 -0.3017727566085738
 0
 0.2366965534971091
 0
 0
 0
 0
 0.5325381015557323
 0
 -0
 0
 0
 0
 0.2307653449471585
 0
 0.7692346550528415
 0
 0
 -0
 0
 0
 0
 -0
 0
 -0.08721848808026651
 0
 0.8189613578583973
 0
 0
 0
 0
 0.1341285651109346
 0
 -0
 0
 0
 0
 0.04691007703066807
 0
 0.9530899229693319
 0
 0
 -0
 0
 0
 0
 0
 0
 0
 0
 0.9530899229693319
 0
 0.04691007703066802
 0
 0
 0
 0
 -0
 0
 -0
 0
 0
 0
 0.8189613578583975
 0
 -0.08721848808026642
 -0
 0
 0.1341285651109344
 0
 0
 0
 0
 0
 0.7692346550528415
 0
 0.2307653449471586
 0
 0
 0
 0
 -0
 0
 -0
 0
 0
 0
 0.236696553497109
 0
 -0.3017727566085739
 -0
 0
 0.5325381015557324
 0
 0
 0
 0
 0
 0.5
 0
 0.5
 0
 0
 0
 0
 -0
 0
 -0
 0
 -0
 0
 -0.25
 0
 -0.25
 -0
 0
 0.75
 0
 0
 0
 0
 0
 0.2307653449471585
 0
 0.7692346550528415
 0
 0
 0
 0
 -0
 0
 0
 0
 -0
 0
 -0.3017727566085738
 0
 0.2366965534971091
 -0
 0
 0.5325381015557323
 0
 0
 0
 0
 0
 0.04691007703066807
 0
 0.9530899229693319
 0
 0
 0
 0
 -0
 0
 0
 0
 -0
 0
 -0.08721848808026651
 0
 0.8189613578583973
 -0
 0
 0.1341285651109346
 0
 -0.08721848808026642
 0
 -0
 0
 0
 0
 0.8189613578583975
 0
 0
 0
 0
 -0.1341285651109344
 0
 0.04691007703066802
 0
 0
 0
 0
 0
 0.9530899229693319
 -0
 0
 0
 0
 -0.3017727566085739
 0
 -0
 0
 0
 0
 0.236696553497109
 0
 0
 0
 0
 -0.5325381015557324
 0
 0.2307653449471586
 0
 0
 0
 0
 0
 0.7692346550528415
 -0
 0
 0
 0
 -0.25
 0
 -0
 0
 -0
 0
 -0.25
 0
 0
 0
 0
 -0.75
 0
 0.5
 0
 0
 0
 0
 0
 0.5
 -0
 0
 0
 0
 0.2366965534971091
 0
 0
 0
 -0
 0
 -0.3017727566085738
 0
 0
 0
 0
 -0.5325381015557323
 0
 0.7692346550528415
 0
 0
 0
 0
 0
 0.2307653449471585
 -0
 0
 0
 0
 0.8189613578583973
 0
 0
 0
 -0
 0
 -0.08721848808026651
 0
 0
 0
 0
 -0.1341285651109346
 0
 0.9530899229693319
 0
 0
 0
 0
 0
 0.04691007703066807
 -0
 0
 0
 0


