# Created by Octave 3.8.1, Mon Aug 17 16:45:50 2015 PDT <ataicher@ataicher-Inspiron-7548>
# name: basis
# type: matrix
# ndims: 3
 12 2 36
 0.8390389404915705
 0
 0.02932036279870227
 0
 -0.002164696843742559
 0
 -0.06194551406913667
 0
 0
 0.003304788471732131
 0
 -0.09457066533957112
 0
 0.8390389404915705
 0
 -0.06194551406913667
 0
 -0.002164696843742559
 0
 0.02932036279870227
 -0.09457066533957112
 0
 0.003304788471732131
 0
 0.7212633127255534
 0
 0.1470959905647193
 0
 -0.01085996884447577
 0
 -0.05325024206840347
 0
 0
 0.01657964252331211
 0
 -0.08129581128799115
 0
 0.3947098769810756
 0
 -0.2441736139444377
 0
 -0.008532689725374083
 0
 0.01379320581537723
 -0.4078492470324691
 0
 0.01425236340421042
 0
 0.5377832467345847
 0
 0.330576056555688
 0
 -0.02440614228261296
 0
 -0.03970406863026628
 0
 0
 0.03726024634266328
 0
 -0.06061520746863997
 0
 -0.08501519895848748
 0
 -0.3155773502633609
 0
 -0.01102790580298203
 0
 -0.00297087102465866
 -0.6834136531617122
 0
 0.02388200986303233
 0
 0.330576056555688
 0
 0.5377832467345847
 0
 -0.03970406863026628
 0
 -0.02440614228261296
 0
 0
 0.06061520746863997
 0
 -0.03726024634266328
 0
 -0.3155773502633609
 0
 -0.08501519895848748
 0
 -0.00297087102465866
 0
 -0.01102790580298203
 -0.6834136531617122
 0
 0.02388200986303233
 0
 0.1470959905647192
 0
 0.7212633127255534
 0
 -0.05325024206840347
 0
 -0.01085996884447576
 0
 0
 0.08129581128799115
 0
 -0.0165796425233121
 0
 -0.2441736139444376
 0
 0.3947098769810757
 0
 0.01379320581537724
 0
 -0.008532689725374083
 -0.4078492470324689
 0
 0.01425236340421041
 0
 0.02932036279870227
 0
 0.8390389404915705
 0
 -0.06194551406913667
 0
 -0.002164696843742559
 0
 0
 0.09457066533957112
 0
 -0.003304788471732131
 0
 -0.06194551406913667
 0
 0.8390389404915705
 0
 0.02932036279870227
 0
 -0.002164696843742559
 -0.09457066533957112
 0
 0.003304788471732131
 0
 0.3947098769810756
 0
 0.01379320581537723
 0
 -0.008532689725374083
 0
 -0.2441736139444377
 0
 0
 0.01425236340421042
 0
 -0.4078492470324691
 0
 0.7212633127255534
 0
 -0.05325024206840347
 0
 -0.01085996884447577
 0
 0.1470959905647193
 -0.08129581128799115
 0
 0.01657964252331211
 0
 0.3393045777709365
 0
 0.06919850502551628
 0
 -0.04280726183206899
 0
 -0.2098990418377428
 0
 0
 0.07150203178671022
 0
 -0.3505995786499693
 0
 0.3393045777709365
 0
 -0.2098990418377428
 0
 -0.04280726183206899
 0
 0.06919850502551628
 -0.3505995786499693
 0
 0.07150203178671022
 0
 0.2529898779629096
 0
 0.1555132048335433
 0
 -0.09620286558501406
 0
 -0.1565034380847977
 0
 0
 0.1606900338549362
 0
 -0.2614115765817432
 0
 -0.07308164266714003
 0
 -0.2712798585233134
 0
 -0.05532539754302954
 0
 -0.01490442731600613
 -0.5874830972117929
 0
 0.1198125658129517
 0
 0.1555132048335433
 0
 0.2529898779629096
 0
 -0.1565034380847977
 0
 -0.09620286558501406
 0
 0
 0.2614115765817432
 0
 -0.1606900338549362
 0
 -0.2712798585233134
 0
 -0.07308164266714003
 0
 -0.01490442731600613
 0
 -0.05532539754302954
 -0.5874830972117929
 0
 0.1198125658129517
 0
 0.06919850502551625
 0
 0.3393045777709365
 0
 -0.2098990418377428
 0
 -0.04280726183206897
 0
 0
 0.3505995786499693
 0
 -0.07150203178671019
 0
 -0.2098990418377427
 0
 0.3393045777709367
 0
 0.0691985050255163
 0
 -0.04280726183206898
 -0.3505995786499692
 0
 0.07150203178671019
 0
 0.01379320581537723
 0
 0.3947098769810756
 0
 -0.2441736139444377
 0
 -0.008532689725374083
 0
 0
 0.4078492470324691
 0
 -0.01425236340421042
 0
 -0.05325024206840347
 0
 0.7212633127255534
 0
 0.1470959905647193
 0
 -0.01085996884447577
 -0.08129581128799115
 0
 0.01657964252331211
 0
 -0.08501519895848748
 0
 -0.00297087102465866
 0
 -0.01102790580298203
 0
 -0.3155773502633609
 0
 0
 0.02388200986303233
 0
 -0.6834136531617122
 0
 0.5377832467345847
 0
 -0.03970406863026628
 0
 -0.02440614228261296
 0
 0.330576056555688
 -0.06061520746863997
 0
 0.03726024634266328
 0
 -0.07308164266714003
 0
 -0.01490442731600613
 0
 -0.05532539754302954
 0
 -0.2712798585233134
 0
 0
 0.1198125658129517
 0
 -0.5874830972117929
 0
 0.2529898779629096
 0
 -0.1565034380847977
 0
 -0.09620286558501406
 0
 0.1555132048335433
 -0.2614115765817432
 0
 0.1606900338549362
 0
 -0.05449061719459183
 0
 -0.03349545278855431
 0
 -0.1243354878466491
 0
 -0.2022697682196939
 0
 0
 0.2692606737968025
 0
 -0.438034989227942
 0
 -0.05449061719459183
 0
 -0.2022697682196939
 0
 -0.1243354878466491
 0
 -0.03349545278855431
 -0.438034989227942
 0
 0.2692606737968025
 0
 -0.03349545278855431
 0
 -0.05449061719459183
 0
 -0.2022697682196939
 0
 -0.1243354878466491
 0
 0
 0.438034989227942
 0
 -0.2692606737968025
 0
 -0.2022697682196939
 0
 -0.05449061719459183
 0
 -0.03349545278855431
 0
 -0.1243354878466491
 -0.438034989227942
 0
 0.2692606737968025
 0
 -0.01490442731600613
 0
 -0.07308164266714003
 0
 -0.2712798585233134
 0
 -0.05532539754302952
 0
 0
 0.5874830972117929
 0
 -0.1198125658129516
 0
 -0.1565034380847977
 0
 0.2529898779629097
 0
 0.1555132048335433
 0
 -0.09620286558501404
 -0.2614115765817432
 0
 0.1606900338549362
 0
 -0.00297087102465866
 0
 -0.08501519895848748
 0
 -0.3155773502633609
 0
 -0.01102790580298203
 0
 0
 0.6834136531617122
 0
 -0.02388200986303233
 0
 -0.03970406863026628
 0
 0.5377832467345847
 0
 0.330576056555688
 0
 -0.02440614228261296
 -0.06061520746863997
 0
 0.03726024634266328
 0
 -0.3155773502633609
 0
 -0.01102790580298203
 0
 -0.00297087102465866
 0
 -0.08501519895848748
 0
 0
 0.02388200986303233
 0
 -0.6834136531617122
 0
 0.330576056555688
 0
 -0.02440614228261296
 0
 -0.03970406863026628
 0
 0.5377832467345847
 -0.03726024634266328
 0
 0.06061520746863997
 0
 -0.2712798585233134
 0
 -0.05532539754302954
 0
 -0.01490442731600613
 0
 -0.07308164266714003
 0
 0
 0.1198125658129517
 0
 -0.5874830972117929
 0
 0.1555132048335433
 0
 -0.09620286558501406
 0
 -0.1565034380847977
 0
 0.2529898779629096
 -0.1606900338549362
 0
 0.2614115765817432
 0
 -0.2022697682196939
 0
 -0.1243354878466491
 0
 -0.03349545278855431
 0
 -0.05449061719459183
 0
 0
 0.2692606737968025
 0
 -0.438034989227942
 0
 -0.03349545278855431
 0
 -0.1243354878466491
 0
 -0.2022697682196939
 0
 -0.05449061719459183
 -0.2692606737968025
 0
 0.438034989227942
 0
 -0.1243354878466491
 0
 -0.2022697682196939
 0
 -0.05449061719459183
 0
 -0.03349545278855431
 0
 0
 0.438034989227942
 0
 -0.2692606737968025
 0
 -0.1243354878466491
 0
 -0.03349545278855431
 0
 -0.05449061719459183
 0
 -0.2022697682196939
 -0.2692606737968025
 0
 0.438034989227942
 0
 -0.05532539754302952
 0
 -0.2712798585233134
 0
 -0.07308164266714003
 0
 -0.01490442731600613
 0
 0
 0.5874830972117929
 0
 -0.1198125658129516
 0
 -0.09620286558501404
 0
 0.1555132048335433
 0
 0.2529898779629097
 0
 -0.1565034380847977
 -0.1606900338549362
 0
 0.2614115765817432
 0
 -0.01102790580298203
 0
 -0.3155773502633609
 0
 -0.08501519895848748
 0
 -0.00297087102465866
 0
 0
 0.6834136531617122
 0
 -0.02388200986303233
 0
 -0.02440614228261296
 0
 0.330576056555688
 0
 0.5377832467345847
 0
 -0.03970406863026628
 -0.03726024634266328
 0
 0.06061520746863997
 0
 -0.2441736139444376
 0
 -0.008532689725374083
 0
 0.01379320581537724
 0
 0.3947098769810757
 0
 0
 0.01425236340421041
 0
 -0.4078492470324689
 0
 0.1470959905647192
 0
 -0.01085996884447576
 0
 -0.05325024206840347
 0
 0.7212633127255534
 -0.0165796425233121
 0
 0.08129581128799115
 0
 -0.2098990418377427
 0
 -0.04280726183206898
 0
 0.0691985050255163
 0
 0.3393045777709367
 0
 0
 0.07150203178671019
 0
 -0.3505995786499692
 0
 0.06919850502551625
 0
 -0.04280726183206897
 0
 -0.2098990418377428
 0
 0.3393045777709365
 -0.07150203178671019
 0
 0.3505995786499693
 0
 -0.1565034380847977
 0
 -0.09620286558501404
 0
 0.1555132048335433
 0
 0.2529898779629097
 0
 0
 0.1606900338549362
 0
 -0.2614115765817432
 0
 -0.01490442731600613
 0
 -0.05532539754302952
 0
 -0.2712798585233134
 0
 -0.07308164266714003
 -0.1198125658129516
 0
 0.5874830972117929
 0
 -0.09620286558501404
 0
 -0.1565034380847977
 0
 0.2529898779629097
 0
 0.1555132048335433
 0
 0
 0.2614115765817432
 0
 -0.1606900338549362
 0
 -0.05532539754302952
 0
 -0.01490442731600613
 0
 -0.07308164266714003
 0
 -0.2712798585233134
 -0.1198125658129516
 0
 0.5874830972117929
 0
 -0.04280726183206897
 0
 -0.2098990418377427
 0
 0.3393045777709367
 0
 0.06919850502551628
 0
 0
 0.3505995786499692
 0
 -0.07150203178671016
 0
 -0.04280726183206897
 0
 0.06919850502551628
 0
 0.3393045777709367
 0
 -0.2098990418377427
 -0.07150203178671016
 0
 0.3505995786499692
 0
 -0.008532689725374083
 0
 -0.2441736139444376
 0
 0.3947098769810757
 0
 0.01379320581537724
 0
 0
 0.4078492470324689
 0
 -0.01425236340421041
 0
 -0.01085996884447576
 0
 0.1470959905647192
 0
 0.7212633127255534
 0
 -0.05325024206840347
 -0.0165796425233121
 0
 0.08129581128799115
 0
 -0.06194551406913667
 0
 -0.002164696843742559
 0
 0.02932036279870227
 0
 0.8390389404915705
 0
 0
 0.003304788471732131
 0
 -0.09457066533957112
 0
 0.02932036279870227
 0
 -0.002164696843742559
 0
 -0.06194551406913667
 0
 0.8390389404915705
 -0.003304788471732131
 0
 0.09457066533957112
 0
 -0.05325024206840347
 0
 -0.01085996884447577
 0
 0.1470959905647193
 0
 0.7212633127255534
 0
 0
 0.01657964252331211
 0
 -0.08129581128799115
 0
 0.01379320581537723
 0
 -0.008532689725374083
 0
 -0.2441736139444377
 0
 0.3947098769810756
 -0.01425236340421042
 0
 0.4078492470324691
 0
 -0.03970406863026628
 0
 -0.02440614228261296
 0
 0.330576056555688
 0
 0.5377832467345847
 0
 0
 0.03726024634266328
 0
 -0.06061520746863997
 0
 -0.00297087102465866
 0
 -0.01102790580298203
 0
 -0.3155773502633609
 0
 -0.08501519895848748
 -0.02388200986303233
 0
 0.6834136531617122
 0
 -0.02440614228261296
 0
 -0.03970406863026628
 0
 0.5377832467345847
 0
 0.330576056555688
 0
 0
 0.06061520746863997
 0
 -0.03726024634266328
 0
 -0.01102790580298203
 0
 -0.00297087102465866
 0
 -0.08501519895848748
 0
 -0.3155773502633609
 -0.02388200986303233
 0
 0.6834136531617122
 0
 -0.01085996884447576
 0
 -0.05325024206840347
 0
 0.7212633127255534
 0
 0.1470959905647192
 0
 0
 0.08129581128799115
 0
 -0.0165796425233121
 0
 -0.008532689725374083
 0
 0.01379320581537724
 0
 0.3947098769810757
 0
 -0.2441736139444376
 -0.01425236340421041
 0
 0.4078492470324689
 0
 -0.002164696843742559
 0
 -0.06194551406913667
 0
 0.8390389404915705
 0
 0.02932036279870227
 0
 0
 0.09457066533957112
 0
 -0.003304788471732131
 0
 -0.002164696843742559
 0
 0.02932036279870227
 0
 0.8390389404915705
 0
 -0.06194551406913667
 -0.003304788471732131
 0
 0.09457066533957112
 0


# name: basisDer
# type: matrix
# ndims: 4
 12 2 2 36
 -0.4341796516451363
 0
 0.4341796516451363
 0
 -0.03205510545643962
 0
 0.03205510545643962
 0
 0
 0.04893772690565162
 0
 0.04893772690565162
 -1.834594060391849
 0
 -0.06411021091287923
 0
 -0.03034496801445526
 0
 -0.8683593032902727
 0
 0
 0.04722758946366725
 0
 -1.351476681841061
 0
 -1.834594060391849
 0
 -0.8683593032902727
 0
 -0.03034496801445526
 0
 -0.06411021091287923
 -1.351476681841061
 0
 0.04722758946366725
 0
 0
 -0.9172970301959243
 0
 0.03205510545643962
 0
 -0.03205510545643962
 0
 0.8683593032902727
 0.04893772690565162
 0
 0.04893772690565162
 0
 -0.4341796516451363
 0
 0.4341796516451363
 0
 -0.03205510545643962
 0
 0.03205510545643962
 0
 0
 0.04893772690565162
 0
 0.04893772690565162
 -1.577072678807502
 0
 -0.3216315924972264
 0
 -0.1522362857303587
 0
 -0.7464679855743693
 0
 0
 0.2369339391137926
 0
 -1.161770332190936
 0
 -1.441442614939058
 0
 -0.4752078578374819
 0
 -0.01660622186191498
 0
 -0.05037146476033896
 -0.9583252363882698
 0
 0.03348884331112697
 0
 0
 -0.6195538880147926
 0
 0.1263531518349059
 0
 -0.1263531518349059
 0
 0.4085030827964528
 0.2110508052183397
 0
 0.2110508052183397
 0
 -0.4341796516451363
 0
 0.4341796516451363
 0
 -0.03205510545643962
 0
 0.03205510545643962
 0
 0
 0.04893772690565162
 0
 0.04893772690565162
 -1.175885769568076
 0
 -0.7228185017366523
 0
 -0.3421280947782507
 0
 -0.5565761765264773
 0
 0
 0.5324732982574515
 0
 -0.8662309730472766
 0
 -0.8289606055080981
 0
 0.1372741515934779
 0
 0.004797069281726934
 0
 -0.02896817361669704
 -0.3458432269573101
 0
 0.01208555216748505
 0
 0
 -0.2656617615292261
 0
 0.1633026280331715
 0
 -0.1633026280331715
 0
 -0.08798606998314615
 0.3536478315123723
 0
 0.3536478315123723
 0
 -0.4341796516451363
 0
 0.4341796516451363
 0
 -0.03205510545643962
 0
 0.03205510545643962
 0
 0
 0.04893772690565162
 0
 0.04893772690565162
 -0.7228185017366523
 0
 -1.175885769568076
 0
 -0.5565761765264773
 0
 -0.3421280947782507
 0
 0
 0.8662309730472766
 0
 -0.5324732982574515
 0
 -0.1372741515934779
 0
 0.8289606055080981
 0
 0.02896817361669704
 0
 -0.004797069281726934
 0.3458432269573101
 0
 -0.01208555216748505
 0
 0
 -0.02704257544602935
 0
 0.04399303499157307
 0
 -0.04399303499157307
 0
 -0.3266052560663429
 0.3536478315123723
 0
 0.3536478315123723
 0
 -0.4341796516451363
 0
 0.4341796516451363
 0
 -0.03205510545643962
 0
 0.03205510545643962
 0
 0
 0.04893772690565162
 0
 0.04893772690565162
 -0.3216315924972263
 0
 -1.577072678807502
 0
 -0.7464679855743693
 0
 -0.1522362857303586
 0
 0
 1.161770332190936
 0
 -0.2369339391137925
 0
 0.475207857837482
 0
 1.441442614939058
 0
 0.05037146476033896
 0
 0.01660622186191499
 0.9583252363882701
 0
 -0.03348884331112698
 0
 0
 0.04165549845147203
 0
 -0.2042515413982265
 0
 0.2042515413982265
 0
 -0.2527063036698117
 0.2110508052183397
 0
 0.2110508052183397
 0
 -0.4341796516451363
 0
 0.4341796516451363
 0
 -0.03205510545643962
 0
 0.03205510545643962
 0
 0
 0.04893772690565162
 0
 0.04893772690565162
 -0.06411021091287923
 0
 -1.834594060391849
 0
 -0.8683593032902727
 0
 -0.03034496801445526
 0
 0
 1.351476681841061
 0
 -0.04722758946366725
 0
 0.8683593032902727
 0
 1.834594060391849
 0
 0.06411021091287923
 0
 0.03034496801445526
 1.351476681841061
 0
 -0.04722758946366725
 0
 0
 0.01517248400722763
 0
 -0.4341796516451363
 0
 0.4341796516451363
 0
 -0.06411021091287923
 0.04893772690565162
 0
 0.04893772690565162
 0
 -0.2042515413982264
 0
 0.2042515413982264
 0
 -0.1263531518349059
 0
 0.1263531518349059
 0
 0
 0.2110508052183397
 0
 0.2110508052183397
 -1.441442614939058
 0
 -0.05037146476033896
 0
 -0.01660622186191498
 0
 -0.4752078578374819
 0
 0
 0.03348884331112697
 0
 -0.9583252363882698
 0
 -1.577072678807502
 0
 -0.7464679855743693
 0
 -0.1522362857303587
 0
 -0.3216315924972264
 -1.161770332190936
 0
 0.2369339391137926
 0
 0
 -0.9172970301959243
 0
 0.03205510545643962
 0
 -0.03205510545643962
 0
 0.8683593032902727
 0.04893772690565162
 0
 0.04893772690565162
 0
 -0.2042515413982264
 0
 0.2042515413982264
 0
 -0.1263531518349059
 0
 0.1263531518349059
 0
 0
 0.2110508052183397
 0
 0.2110508052183397
 -1.239107776029585
 0
 -0.2527063036698117
 0
 -0.08331099690294405
 0
 -0.4085030827964528
 0
 0
 0.1680086502863779
 0
 -0.823805429413019
 0
 -1.239107776029585
 0
 -0.4085030827964528
 0
 -0.08331099690294405
 0
 -0.2527063036698117
 -0.823805429413019
 0
 0.1680086502863779
 0
 0
 -0.6195538880147926
 0
 0.1263531518349059
 0
 -0.1263531518349059
 0
 0.4085030827964528
 0.2110508052183397
 0
 0.2110508052183397
 0
 -0.2042515413982264
 0
 0.2042515413982264
 0
 -0.1263531518349059
 0
 0.1263531518349059
 0
 0
 0.2110508052183397
 0
 0.2110508052183397
 -0.92389477059236
 0
 -0.5679193091070368
 0
 -0.1872289021486351
 0
 -0.3045851775507617
 0
 0
 0.377574105627836
 0
 -0.6142399740715609
 0
 -0.7125996704008263
 0
 0.1180050228323061
 0
 0.02406619804289874
 0
 -0.145329108723969
 -0.29729732378426
 0
 0.06063145534053511
 0
 0
 -0.2656617615292261
 0
 0.1633026280331715
 0
 -0.1633026280331715
 0
 -0.08798606998314615
 0.3536478315123723
 0
 0.3536478315123723
 0
 -0.2042515413982264
 0
 0.2042515413982264
 0
 -0.1263531518349059
 0
 0.1263531518349059
 0
 0
 0.2110508052183397
 0
 0.2110508052183397
 -0.5679193091070368
 0
 -0.92389477059236
 0
 -0.3045851775507617
 0
 -0.1872289021486351
 0
 0
 0.6142399740715609
 0
 -0.377574105627836
 0
 -0.1180050228323061
 0
 0.7125996704008263
 0
 0.145329108723969
 0
 -0.02406619804289874
 0.29729732378426
 0
 -0.06063145534053511
 0
 0
 -0.02704257544602935
 0
 0.04399303499157307
 0
 -0.04399303499157307
 0
 -0.3266052560663429
 0.3536478315123723
 0
 0.3536478315123723
 0
 -0.2042515413982264
 0
 0.2042515413982264
 0
 -0.1263531518349059
 0
 0.1263531518349059
 0
 0
 0.2110508052183397
 0
 0.2110508052183397
 -0.2527063036698117
 0
 -1.239107776029585
 0
 -0.4085030827964528
 0
 -0.08331099690294402
 0
 0
 0.823805429413019
 0
 -0.1680086502863778
 0
 0.408503082796453
 0
 1.239107776029585
 0
 0.2527063036698118
 0
 0.08331099690294409
 0.8238054294130192
 0
 -0.168008650286378
 0
 0
 0.04165549845147203
 0
 -0.2042515413982265
 0
 0.2042515413982265
 0
 -0.2527063036698117
 0.2110508052183397
 0
 0.2110508052183397
 0
 -0.2042515413982264
 0
 0.2042515413982264
 0
 -0.1263531518349059
 0
 0.1263531518349059
 0
 0
 0.2110508052183397
 0
 0.2110508052183397
 -0.05037146476033896
 0
 -1.441442614939058
 0
 -0.4752078578374819
 0
 -0.01660622186191498
 0
 0
 0.9583252363882698
 0
 -0.03348884331112697
 0
 0.7464679855743693
 0
 1.577072678807502
 0
 0.3216315924972264
 0
 0.1522362857303587
 1.161770332190936
 0
 -0.2369339391137926
 0
 0
 0.01517248400722763
 0
 -0.4341796516451363
 0
 0.4341796516451363
 0
 -0.06411021091287923
 0.04893772690565162
 0
 0.04893772690565162
 0
 0.04399303499157307
 0
 -0.04399303499157307
 0
 -0.1633026280331715
 0
 0.1633026280331715
 0
 0
 0.3536478315123723
 0
 0.3536478315123723
 -0.8289606055080981
 0
 -0.02896817361669704
 0
 0.004797069281726934
 0
 0.1372741515934779
 0
 0
 0.01208555216748505
 0
 -0.3458432269573101
 0
 -1.175885769568076
 0
 -0.5565761765264773
 0
 -0.3421280947782507
 0
 -0.7228185017366523
 -0.8662309730472766
 0
 0.5324732982574515
 0
 0
 -0.9172970301959243
 0
 0.03205510545643962
 0
 -0.03205510545643962
 0
 0.8683593032902727
 0.04893772690565162
 0
 0.04893772690565162
 0
 0.04399303499157307
 0
 -0.04399303499157307
 0
 -0.1633026280331715
 0
 0.1633026280331715
 0
 0
 0.3536478315123723
 0
 0.3536478315123723
 -0.7125996704008263
 0
 -0.145329108723969
 0
 0.02406619804289874
 0
 0.1180050228323061
 0
 0
 0.06063145534053511
 0
 -0.29729732378426
 0
 -0.92389477059236
 0
 -0.3045851775507617
 0
 -0.1872289021486351
 0
 -0.5679193091070368
 -0.6142399740715609
 0
 0.377574105627836
 0
 0
 -0.6195538880147926
 0
 0.1263531518349059
 0
 -0.1263531518349059
 0
 0.4085030827964528
 0.2110508052183397
 0
 0.2110508052183397
 0
 0.04399303499157307
 0
 -0.04399303499157307
 0
 -0.1633026280331715
 0
 0.1633026280331715
 0
 0
 0.3536478315123723
 0
 0.3536478315123723
 -0.5313235230584522
 0
 -0.3266052560663429
 0
 0.0540851508920587
 0
 0.08798606998314615
 0
 0
 0.1362600525871421
 0
 -0.221668726537653
 0
 -0.5313235230584522
 0
 0.08798606998314615
 0
 0.0540851508920587
 0
 -0.3266052560663429
 -0.221668726537653
 0
 0.1362600525871421
 0
 0
 -0.2656617615292261
 0
 0.1633026280331715
 0
 -0.1633026280331715
 0
 -0.08798606998314615
 0.3536478315123723
 0
 0.3536478315123723
 0
 0.04399303499157307
 0
 -0.04399303499157307
 0
 -0.1633026280331715
 0
 0.1633026280331715
 0
 0
 0.3536478315123723
 0
 0.3536478315123723
 -0.3266052560663429
 0
 -0.5313235230584522
 0
 0.08798606998314615
 0
 0.0540851508920587
 0
 0
 0.221668726537653
 0
 -0.1362600525871421
 0
 -0.08798606998314615
 0
 0.5313235230584522
 0
 0.3266052560663429
 0
 -0.0540851508920587
 0.221668726537653
 0
 -0.1362600525871421
 0
 0
 -0.02704257544602935
 0
 0.04399303499157307
 0
 -0.04399303499157307
 0
 -0.3266052560663429
 0.3536478315123723
 0
 0.3536478315123723
 0
 0.04399303499157307
 0
 -0.04399303499157307
 0
 -0.1633026280331715
 0
 0.1633026280331715
 0
 0
 0.3536478315123723
 0
 0.3536478315123723
 -0.1453291087239689
 0
 -0.7125996704008263
 0
 0.1180050228323061
 0
 0.02406619804289874
 0
 0
 0.29729732378426
 0
 -0.06063145534053509
 0
 0.3045851775507618
 0
 0.9238947705923602
 0
 0.5679193091070368
 0
 0.1872289021486352
 0.6142399740715611
 0
 -0.3775741056278361
 0
 0
 0.04165549845147203
 0
 -0.2042515413982265
 0
 0.2042515413982265
 0
 -0.2527063036698117
 0.2110508052183397
 0
 0.2110508052183397
 0
 0.04399303499157307
 0
 -0.04399303499157307
 0
 -0.1633026280331715
 0
 0.1633026280331715
 0
 0
 0.3536478315123723
 0
 0.3536478315123723
 -0.02896817361669704
 0
 -0.8289606055080981
 0
 0.1372741515934779
 0
 0.004797069281726934
 0
 0
 0.3458432269573101
 0
 -0.01208555216748505
 0
 0.5565761765264773
 0
 1.175885769568076
 0
 0.7228185017366523
 0
 0.3421280947782507
 0.8662309730472766
 0
 -0.5324732982574515
 0
 0
 0.01517248400722763
 0
 -0.4341796516451363
 0
 0.4341796516451363
 0
 -0.06411021091287923
 0.04893772690565162
 0
 0.04893772690565162
 0
 0.1633026280331715
 0
 -0.1633026280331715
 0
 -0.04399303499157307
 0
 0.04399303499157307
 0
 0
 0.3536478315123723
 0
 0.3536478315123723
 -0.1372741515934779
 0
 -0.004797069281726934
 0
 0.02896817361669704
 0
 0.8289606055080981
 0
 0
 -0.01208555216748505
 0
 0.3458432269573101
 0
 -0.7228185017366523
 0
 -0.3421280947782507
 0
 -0.5565761765264773
 0
 -1.175885769568076
 -0.5324732982574515
 0
 0.8662309730472766
 0
 0
 -0.9172970301959243
 0
 0.03205510545643962
 0
 -0.03205510545643962
 0
 0.8683593032902727
 0.04893772690565162
 0
 0.04893772690565162
 0
 0.1633026280331715
 0
 -0.1633026280331715
 0
 -0.04399303499157307
 0
 0.04399303499157307
 0
 0
 0.3536478315123723
 0
 0.3536478315123723
 -0.1180050228323061
 0
 -0.02406619804289874
 0
 0.145329108723969
 0
 0.7125996704008263
 0
 0
 -0.06063145534053511
 0
 0.29729732378426
 0
 -0.5679193091070368
 0
 -0.1872289021486351
 0
 -0.3045851775507617
 0
 -0.92389477059236
 -0.377574105627836
 0
 0.6142399740715609
 0
 0
 -0.6195538880147926
 0
 0.1263531518349059
 0
 -0.1263531518349059
 0
 0.4085030827964528
 0.2110508052183397
 0
 0.2110508052183397
 0
 0.1633026280331715
 0
 -0.1633026280331715
 0
 -0.04399303499157307
 0
 0.04399303499157307
 0
 0
 0.3536478315123723
 0
 0.3536478315123723
 -0.08798606998314615
 0
 -0.0540851508920587
 0
 0.3266052560663429
 0
 0.5313235230584522
 0
 0
 -0.1362600525871421
 0
 0.221668726537653
 0
 -0.3266052560663429
 0
 0.0540851508920587
 0
 0.08798606998314615
 0
 -0.5313235230584522
 -0.1362600525871421
 0
 0.221668726537653
 0
 0
 -0.2656617615292261
 0
 0.1633026280331715
 0
 -0.1633026280331715
 0
 -0.08798606998314615
 0.3536478315123723
 0
 0.3536478315123723
 0
 0.1633026280331715
 0
 -0.1633026280331715
 0
 -0.04399303499157307
 0
 0.04399303499157307
 0
 0
 0.3536478315123723
 0
 0.3536478315123723
 -0.0540851508920587
 0
 -0.08798606998314615
 0
 0.5313235230584522
 0
 0.3266052560663429
 0
 0
 -0.221668726537653
 0
 0.1362600525871421
 0
 -0.0540851508920587
 0
 0.3266052560663429
 0
 0.5313235230584522
 0
 -0.08798606998314615
 0.1362600525871421
 0
 -0.221668726537653
 0
 0
 -0.02704257544602935
 0
 0.04399303499157307
 0
 -0.04399303499157307
 0
 -0.3266052560663429
 0.3536478315123723
 0
 0.3536478315123723
 0
 0.1633026280331715
 0
 -0.1633026280331715
 0
 -0.04399303499157307
 0
 0.04399303499157307
 0
 0
 0.3536478315123723
 0
 0.3536478315123723
 -0.02406619804289874
 0
 -0.1180050228323061
 0
 0.7125996704008263
 0
 0.1453291087239689
 0
 0
 -0.29729732378426
 0
 0.06063145534053509
 0
 0.1872289021486352
 0
 0.5679193091070368
 0
 0.9238947705923602
 0
 0.3045851775507618
 0.3775741056278361
 0
 -0.6142399740715611
 0
 0
 0.04165549845147203
 0
 -0.2042515413982265
 0
 0.2042515413982265
 0
 -0.2527063036698117
 0.2110508052183397
 0
 0.2110508052183397
 0
 0.1633026280331715
 0
 -0.1633026280331715
 0
 -0.04399303499157307
 0
 0.04399303499157307
 0
 0
 0.3536478315123723
 0
 0.3536478315123723
 -0.004797069281726934
 0
 -0.1372741515934779
 0
 0.8289606055080981
 0
 0.02896817361669704
 0
 0
 -0.3458432269573101
 0
 0.01208555216748505
 0
 0.3421280947782507
 0
 0.7228185017366523
 0
 1.175885769568076
 0
 0.5565761765264773
 0.5324732982574515
 0
 -0.8662309730472766
 0
 0
 0.01517248400722763
 0
 -0.4341796516451363
 0
 0.4341796516451363
 0
 -0.06411021091287923
 0.04893772690565162
 0
 0.04893772690565162
 0
 0.1263531518349059
 0
 -0.1263531518349059
 0
 0.2042515413982265
 0
 -0.2042515413982265
 0
 0
 0.2110508052183397
 0
 0.2110508052183397
 0.475207857837482
 0
 0.01660622186191499
 0
 0.05037146476033896
 0
 1.441442614939058
 0
 0
 -0.03348884331112698
 0
 0.9583252363882701
 0
 -0.3216315924972263
 0
 -0.1522362857303586
 0
 -0.7464679855743693
 0
 -1.577072678807502
 -0.2369339391137925
 0
 1.161770332190936
 0
 0
 -0.9172970301959243
 0
 0.03205510545643962
 0
 -0.03205510545643962
 0
 0.8683593032902727
 0.04893772690565162
 0
 0.04893772690565162
 0
 0.1263531518349059
 0
 -0.1263531518349059
 0
 0.2042515413982265
 0
 -0.2042515413982265
 0
 0
 0.2110508052183397
 0
 0.2110508052183397
 0.408503082796453
 0
 0.08331099690294409
 0
 0.2527063036698118
 0
 1.239107776029585
 0
 0
 -0.168008650286378
 0
 0.8238054294130192
 0
 -0.2527063036698117
 0
 -0.08331099690294402
 0
 -0.4085030827964528
 0
 -1.239107776029585
 -0.1680086502863778
 0
 0.823805429413019
 0
 0
 -0.6195538880147926
 0
 0.1263531518349059
 0
 -0.1263531518349059
 0
 0.4085030827964528
 0.2110508052183397
 0
 0.2110508052183397
 0
 0.1263531518349059
 0
 -0.1263531518349059
 0
 0.2042515413982265
 0
 -0.2042515413982265
 0
 0
 0.2110508052183397
 0
 0.2110508052183397
 0.3045851775507618
 0
 0.1872289021486352
 0
 0.5679193091070368
 0
 0.9238947705923602
 0
 0
 -0.3775741056278361
 0
 0.6142399740715611
 0
 -0.1453291087239689
 0
 0.02406619804289874
 0
 0.1180050228323061
 0
 -0.7125996704008263
 -0.06063145534053509
 0
 0.29729732378426
 0
 0
 -0.2656617615292261
 0
 0.1633026280331715
 0
 -0.1633026280331715
 0
 -0.08798606998314615
 0.3536478315123723
 0
 0.3536478315123723
 0
 0.1263531518349059
 0
 -0.1263531518349059
 0
 0.2042515413982265
 0
 -0.2042515413982265
 0
 0
 0.2110508052183397
 0
 0.2110508052183397
 0.1872289021486352
 0
 0.3045851775507618
 0
 0.9238947705923602
 0
 0.5679193091070368
 0
 0
 -0.6142399740715611
 0
 0.3775741056278361
 0
 -0.02406619804289874
 0
 0.1453291087239689
 0
 0.7125996704008263
 0
 -0.1180050228323061
 0.06063145534053509
 0
 -0.29729732378426
 0
 0
 -0.02704257544602935
 0
 0.04399303499157307
 0
 -0.04399303499157307
 0
 -0.3266052560663429
 0.3536478315123723
 0
 0.3536478315123723
 0
 0.1263531518349059
 0
 -0.1263531518349059
 0
 0.2042515413982265
 0
 -0.2042515413982265
 0
 0
 0.2110508052183397
 0
 0.2110508052183397
 0.08331099690294407
 0
 0.408503082796453
 0
 1.239107776029585
 0
 0.2527063036698117
 0
 0
 -0.8238054294130192
 0
 0.1680086502863779
 0
 0.08331099690294407
 0
 0.2527063036698117
 0
 1.239107776029585
 0
 0.408503082796453
 0.1680086502863779
 0
 -0.8238054294130192
 0
 0
 0.04165549845147203
 0
 -0.2042515413982265
 0
 0.2042515413982265
 0
 -0.2527063036698117
 0.2110508052183397
 0
 0.2110508052183397
 0
 0.1263531518349059
 0
 -0.1263531518349059
 0
 0.2042515413982265
 0
 -0.2042515413982265
 0
 0
 0.2110508052183397
 0
 0.2110508052183397
 0.01660622186191499
 0
 0.475207857837482
 0
 1.441442614939058
 0
 0.05037146476033896
 0
 0
 -0.9583252363882701
 0
 0.03348884331112698
 0
 0.1522362857303586
 0
 0.3216315924972263
 0
 1.577072678807502
 0
 0.7464679855743693
 0.2369339391137925
 0
 -1.161770332190936
 0
 0
 0.01517248400722763
 0
 -0.4341796516451363
 0
 0.4341796516451363
 0
 -0.06411021091287923
 0.04893772690565162
 0
 0.04893772690565162
 0
 0.03205510545643962
 0
 -0.03205510545643962
 0
 0.4341796516451363
 0
 -0.4341796516451363
 0
 0
 0.04893772690565162
 0
 0.04893772690565162
 0.8683593032902727
 0
 0.03034496801445526
 0
 0.06411021091287923
 0
 1.834594060391849
 0
 0
 -0.04722758946366725
 0
 1.351476681841061
 0
 -0.06411021091287923
 0
 -0.03034496801445526
 0
 -0.8683593032902727
 0
 -1.834594060391849
 -0.04722758946366725
 0
 1.351476681841061
 0
 0
 -0.9172970301959243
 0
 0.03205510545643962
 0
 -0.03205510545643962
 0
 0.8683593032902727
 0.04893772690565162
 0
 0.04893772690565162
 0
 0.03205510545643962
 0
 -0.03205510545643962
 0
 0.4341796516451363
 0
 -0.4341796516451363
 0
 0
 0.04893772690565162
 0
 0.04893772690565162
 0.7464679855743693
 0
 0.1522362857303587
 0
 0.3216315924972264
 0
 1.577072678807502
 0
 0
 -0.2369339391137926
 0
 1.161770332190936
 0
 -0.05037146476033896
 0
 -0.01660622186191498
 0
 -0.4752078578374819
 0
 -1.441442614939058
 -0.03348884331112697
 0
 0.9583252363882698
 0
 0
 -0.6195538880147926
 0
 0.1263531518349059
 0
 -0.1263531518349059
 0
 0.4085030827964528
 0.2110508052183397
 0
 0.2110508052183397
 0
 0.03205510545643962
 0
 -0.03205510545643962
 0
 0.4341796516451363
 0
 -0.4341796516451363
 0
 0
 0.04893772690565162
 0
 0.04893772690565162
 0.5565761765264773
 0
 0.3421280947782507
 0
 0.7228185017366523
 0
 1.175885769568076
 0
 0
 -0.5324732982574515
 0
 0.8662309730472766
 0
 -0.02896817361669704
 0
 0.004797069281726934
 0
 0.1372741515934779
 0
 -0.8289606055080981
 -0.01208555216748505
 0
 0.3458432269573101
 0
 0
 -0.2656617615292261
 0
 0.1633026280331715
 0
 -0.1633026280331715
 0
 -0.08798606998314615
 0.3536478315123723
 0
 0.3536478315123723
 0
 0.03205510545643962
 0
 -0.03205510545643962
 0
 0.4341796516451363
 0
 -0.4341796516451363
 0
 0
 0.04893772690565162
 0
 0.04893772690565162
 0.3421280947782507
 0
 0.5565761765264773
 0
 1.175885769568076
 0
 0.7228185017366523
 0
 0
 -0.8662309730472766
 0
 0.5324732982574515
 0
 -0.004797069281726934
 0
 0.02896817361669704
 0
 0.8289606055080981
 0
 -0.1372741515934779
 0.01208555216748505
 0
 -0.3458432269573101
 0
 0
 -0.02704257544602935
 0
 0.04399303499157307
 0
 -0.04399303499157307
 0
 -0.3266052560663429
 0.3536478315123723
 0
 0.3536478315123723
 0
 0.03205510545643962
 0
 -0.03205510545643962
 0
 0.4341796516451363
 0
 -0.4341796516451363
 0
 0
 0.04893772690565162
 0
 0.04893772690565162
 0.1522362857303586
 0
 0.7464679855743693
 0
 1.577072678807502
 0
 0.3216315924972263
 0
 0
 -1.161770332190936
 0
 0.2369339391137925
 0
 0.01660622186191499
 0
 0.05037146476033896
 0
 1.441442614939058
 0
 0.475207857837482
 0.03348884331112698
 0
 -0.9583252363882701
 0
 0
 0.04165549845147203
 0
 -0.2042515413982265
 0
 0.2042515413982265
 0
 -0.2527063036698117
 0.2110508052183397
 0
 0.2110508052183397
 0
 0.03205510545643962
 0
 -0.03205510545643962
 0
 0.4341796516451363
 0
 -0.4341796516451363
 0
 0
 0.04893772690565162
 0
 0.04893772690565162
 0.03034496801445526
 0
 0.8683593032902727
 0
 1.834594060391849
 0
 0.06411021091287923
 0
 0
 -1.351476681841061
 0
 0.04722758946366725
 0
 0.03034496801445526
 0
 0.06411021091287923
 0
 1.834594060391849
 0
 0.8683593032902727
 0.04722758946366725
 0
 -1.351476681841061
 0
 0
 0.01517248400722763
 0
 -0.4341796516451363
 0
 0.4341796516451363
 0
 -0.06411021091287923
 0.04893772690565162
 0
 0.04893772690565162
 0


# name: edgeBasis
# type: matrix
# ndims: 4
 12 2 6 4
 0.966234757101576
 0
 0.03376524289842397
 0
 0
 0
 0
 0
 0
 0
 0
 -0
 0
 0.8683593032902727
 0
 -0.06411021091287923
 0
 -0
 0
 0
 -0.09787545381130325
 0
 0
 0
 0.8306046932331324
 0
 0.1693953067668677
 0
 0
 0
 0
 0
 0
 0
 0
 -0
 0
 0.4085030827964528
 0
 -0.2527063036698117
 0
 -0
 0
 0
 -0.4221016104366795
 0
 0
 0
 0.6193095930415984
 0
 0.3806904069584016
 0
 0
 0
 0
 0
 0
 0
 0
 -0
 0
 -0.08798606998314615
 0
 -0.3266052560663429
 0
 -0
 0
 -0
 -0.7072956630247446
 0
 0
 0
 0.3806904069584016
 0
 0.6193095930415984
 0
 0
 0
 0
 0
 0
 0
 0
 -0
 0
 -0.3266052560663429
 0
 -0.08798606998314615
 0
 -0
 0
 -0
 -0.7072956630247446
 0
 0
 0
 0.1693953067668676
 0
 0.8306046932331324
 0
 0
 0
 0
 0
 0
 0
 0
 -0
 0
 -0.2527063036698117
 0
 0.408503082796453
 0
 0
 0
 -0
 -0.4221016104366793
 0
 0
 0
 0.03376524289842397
 0
 0.966234757101576
 0
 0
 0
 0
 0
 0
 0
 0
 -0
 0
 -0.06411021091287923
 0
 0.8683593032902727
 0
 0
 0
 -0
 -0.09787545381130325
 0
 0
 0
 0
 0
 0.8683593032902727
 0
 -0.06411021091287923
 0
 -0
 0
 0
 0.09787545381130325
 0
 -0
 0
 0
 0
 0.966234757101576
 0
 0.03376524289842397
 0
 0
 -0
 0
 0
 0
 0
 0
 0.4085030827964528
 0
 -0.2527063036698117
 0
 -0
 0
 0
 0.4221016104366795
 0
 -0
 0
 0
 0
 0.8306046932331324
 0
 0.1693953067668677
 0
 0
 -0
 0
 0
 0
 -0
 0
 -0.08798606998314615
 0
 -0.3266052560663429
 0
 -0
 0
 0
 0.7072956630247446
 0
 -0
 0
 0
 0
 0.6193095930415984
 0
 0.3806904069584016
 0
 0
 -0
 0
 0
 0
 -0
 0
 -0.3266052560663429
 0
 -0.08798606998314615
 0
 -0
 0
 0
 0.7072956630247446
 0
 -0
 0
 0
 0
 0.3806904069584016
 0
 0.6193095930415984
 0
 0
 -0
 0
 0
 0
 -0
 0
 -0.2527063036698117
 0
 0.408503082796453
 0
 0
 0
 0
 0.4221016104366793
 0
 -0
 0
 0
 0
 0.1693953067668676
 0
 0.8306046932331324
 0
 0
 -0
 0
 0
 0
 -0
 0
 -0.06411021091287923
 0
 0.8683593032902727
 0
 0
 0
 0
 0.09787545381130325
 0
 -0
 0
 0
 0
 0.03376524289842397
 0
 0.966234757101576
 0
 0
 -0
 0
 0
 0
 0
 0
 0
 0
 0.966234757101576
 0
 0.03376524289842397
 0
 0
 0
 0
 -0
 0
 -0
 0
 0
 0
 0.8683593032902727
 0
 -0.06411021091287923
 -0
 0
 0.09787545381130325
 0
 0
 0
 0
 0
 0.8306046932331324
 0
 0.1693953067668677
 0
 0
 0
 0
 -0
 0
 -0
 0
 0
 0
 0.4085030827964528
 0
 -0.2527063036698117
 -0
 0
 0.4221016104366795
 0
 0
 0
 0
 0
 0.6193095930415984
 0
 0.3806904069584016
 0
 0
 0
 0
 -0
 0
 -0
 0
 -0
 0
 -0.08798606998314615
 0
 -0.3266052560663429
 -0
 0
 0.7072956630247446
 0
 0
 0
 0
 0
 0.3806904069584016
 0
 0.6193095930415984
 0
 0
 0
 0
 -0
 0
 -0
 0
 -0
 0
 -0.3266052560663429
 0
 -0.08798606998314615
 -0
 0
 0.7072956630247446
 0
 0
 0
 0
 0
 0.1693953067668676
 0
 0.8306046932331324
 0
 0
 0
 0
 -0
 0
 0
 0
 -0
 0
 -0.2527063036698117
 0
 0.408503082796453
 -0
 0
 0.4221016104366793
 0
 0
 0
 0
 0
 0.03376524289842397
 0
 0.966234757101576
 0
 0
 0
 0
 -0
 0
 0
 0
 -0
 0
 -0.06411021091287923
 0
 0.8683593032902727
 -0
 0
 0.09787545381130325
 0
 -0.06411021091287923
 0
 -0
 0
 0
 0
 0.8683593032902727
 0
 0
 0
 0
 -0.09787545381130325
 0
 0.03376524289842397
 0
 0
 0
 0
 0
 0.966234757101576
 -0
 0
 0
 0
 -0.2527063036698117
 0
 -0
 0
 0
 0
 0.4085030827964528
 0
 0
 0
 0
 -0.4221016104366795
 0
 0.1693953067668677
 0
 0
 0
 0
 0
 0.8306046932331324
 -0
 0
 0
 0
 -0.3266052560663429
 0
 -0
 0
 -0
 0
 -0.08798606998314615
 0
 0
 0
 0
 -0.7072956630247446
 0
 0.3806904069584016
 0
 0
 0
 0
 0
 0.6193095930415984
 -0
 0
 0
 0
 -0.08798606998314615
 0
 -0
 0
 -0
 0
 -0.3266052560663429
 0
 0
 0
 0
 -0.7072956630247446
 0
 0.6193095930415984
 0
 0
 0
 0
 0
 0.3806904069584016
 -0
 0
 0
 0
 0.408503082796453
 0
 0
 0
 -0
 0
 -0.2527063036698117
 0
 0
 0
 0
 -0.4221016104366793
 0
 0.8306046932331324
 0
 0
 0
 0
 0
 0.1693953067668676
 -0
 0
 0
 0
 0.8683593032902727
 0
 0
 0
 -0
 0
 -0.06411021091287923
 0
 0
 0
 0
 -0.09787545381130325
 0
 0.966234757101576
 0
 0
 0
 0
 0
 0.03376524289842397
 -0
 0
 0
 0


