# Created by Octave 3.8.1, Mon Aug 17 16:45:50 2015 PDT <ataicher@ataicher-Inspiron-7548>
# name: basis
# type: matrix
# ndims: 3
 8 2 36
 0.9336096058311416
 0
 0.0326251512704344
 0
 0.001140091627989571
 0
 0.0326251512704344
 0
 0
 0.9336096058311416
 0
 0.0326251512704344
 0
 0.001140091627989571
 0
 0.0326251512704344
 0.8025591240135447
 0
 0.1636756330880314
 0
 0.005719673678836331
 0
 0.02804556921958765
 0
 0
 0.8025591240135447
 0
 0.1636756330880314
 0
 0.005719673678836331
 0
 0.02804556921958765
 0.5983984542032247
 0
 0.3678363028983513
 0
 0.0128541040600503
 0
 0.02091113883837367
 0
 0
 0.5983984542032247
 0
 0.3678363028983513
 0
 0.0128541040600503
 0
 0.02091113883837367
 0.3678363028983513
 0
 0.5983984542032247
 0
 0.02091113883837367
 0
 0.0128541040600503
 0
 0
 0.3678363028983513
 0
 0.5983984542032247
 0
 0.02091113883837367
 0
 0.0128541040600503
 0.1636756330880313
 0
 0.8025591240135447
 0
 0.02804556921958765
 0
 0.005719673678836329
 0
 0
 0.1636756330880313
 0
 0.8025591240135447
 0
 0.02804556921958765
 0
 0.005719673678836329
 0.0326251512704344
 0
 0.9336096058311416
 0
 0.0326251512704344
 0
 0.001140091627989571
 0
 0
 0.0326251512704344
 0
 0.9336096058311416
 0
 0.0326251512704344
 0
 0.001140091627989571
 0.8025591240135447
 0
 0.02804556921958765
 0
 0.005719673678836331
 0
 0.1636756330880314
 0
 0
 0.8025591240135447
 0
 0.02804556921958765
 0
 0.005719673678836331
 0
 0.1636756330880314
 0.6899041564209059
 0
 0.1407005368122265
 0
 0.02869476995464122
 0
 0.1407005368122265
 0
 0
 0.6899041564209059
 0
 0.1407005368122265
 0
 0.02869476995464122
 0
 0.1407005368122265
 0.5144014545446529
 0
 0.3162032386884795
 0
 0.06448716826992215
 0
 0.1049081384969456
 0
 0
 0.5144014545446529
 0
 0.3162032386884795
 0
 0.06448716826992215
 0
 0.1049081384969456
 0.3162032386884795
 0
 0.5144014545446529
 0
 0.1049081384969456
 0
 0.06448716826992215
 0
 0
 0.3162032386884795
 0
 0.5144014545446529
 0
 0.1049081384969456
 0
 0.06448716826992215
 0.1407005368122264
 0
 0.6899041564209059
 0
 0.1407005368122265
 0
 0.0286947699546412
 0
 0
 0.1407005368122264
 0
 0.6899041564209059
 0
 0.1407005368122265
 0
 0.0286947699546412
 0.02804556921958765
 0
 0.8025591240135447
 0
 0.1636756330880314
 0
 0.005719673678836331
 0
 0
 0.02804556921958765
 0
 0.8025591240135447
 0
 0.1636756330880314
 0
 0.005719673678836331
 0.5983984542032247
 0
 0.02091113883837367
 0
 0.0128541040600503
 0
 0.3678363028983513
 0
 0
 0.5983984542032247
 0
 0.02091113883837367
 0
 0.0128541040600503
 0
 0.3678363028983513
 0.5144014545446529
 0
 0.1049081384969456
 0
 0.06448716826992215
 0
 0.3162032386884795
 0
 0
 0.5144014545446529
 0
 0.1049081384969456
 0
 0.06448716826992215
 0
 0.3162032386884795
 0.3835443720333502
 0
 0.2357652210082482
 0
 0.1449251859501534
 0
 0.2357652210082482
 0
 0
 0.3835443720333502
 0
 0.2357652210082482
 0
 0.1449251859501534
 0
 0.2357652210082482
 0.2357652210082482
 0
 0.3835443720333502
 0
 0.2357652210082482
 0
 0.1449251859501534
 0
 0
 0.2357652210082482
 0
 0.3835443720333502
 0
 0.2357652210082482
 0
 0.1449251859501534
 0.1049081384969455
 0
 0.5144014545446529
 0
 0.3162032386884795
 0
 0.06448716826992212
 0
 0
 0.1049081384969455
 0
 0.5144014545446529
 0
 0.3162032386884795
 0
 0.06448716826992212
 0.02091113883837367
 0
 0.5983984542032247
 0
 0.3678363028983513
 0
 0.0128541040600503
 0
 0
 0.02091113883837367
 0
 0.5983984542032247
 0
 0.3678363028983513
 0
 0.0128541040600503
 0.3678363028983513
 0
 0.0128541040600503
 0
 0.02091113883837367
 0
 0.5983984542032247
 0
 0
 0.3678363028983513
 0
 0.0128541040600503
 0
 0.02091113883837367
 0
 0.5983984542032247
 0.3162032386884795
 0
 0.06448716826992215
 0
 0.1049081384969456
 0
 0.5144014545446529
 0
 0
 0.3162032386884795
 0
 0.06448716826992215
 0
 0.1049081384969456
 0
 0.5144014545446529
 0.2357652210082482
 0
 0.1449251859501534
 0
 0.2357652210082482
 0
 0.3835443720333502
 0
 0
 0.2357652210082482
 0
 0.1449251859501534
 0
 0.2357652210082482
 0
 0.3835443720333502
 0.1449251859501534
 0
 0.2357652210082482
 0
 0.3835443720333502
 0
 0.2357652210082482
 0
 0
 0.1449251859501534
 0
 0.2357652210082482
 0
 0.3835443720333502
 0
 0.2357652210082482
 0.06448716826992212
 0
 0.3162032386884795
 0
 0.5144014545446529
 0
 0.1049081384969455
 0
 0
 0.06448716826992212
 0
 0.3162032386884795
 0
 0.5144014545446529
 0
 0.1049081384969455
 0.0128541040600503
 0
 0.3678363028983513
 0
 0.5983984542032247
 0
 0.02091113883837367
 0
 0
 0.0128541040600503
 0
 0.3678363028983513
 0
 0.5983984542032247
 0
 0.02091113883837367
 0.1636756330880313
 0
 0.005719673678836329
 0
 0.02804556921958765
 0
 0.8025591240135447
 0
 0
 0.1636756330880313
 0
 0.005719673678836329
 0
 0.02804556921958765
 0
 0.8025591240135447
 0.1407005368122264
 0
 0.0286947699546412
 0
 0.1407005368122265
 0
 0.6899041564209059
 0
 0
 0.1407005368122264
 0
 0.0286947699546412
 0
 0.1407005368122265
 0
 0.6899041564209059
 0.1049081384969455
 0
 0.06448716826992212
 0
 0.3162032386884795
 0
 0.5144014545446529
 0
 0
 0.1049081384969455
 0
 0.06448716826992212
 0
 0.3162032386884795
 0
 0.5144014545446529
 0.06448716826992212
 0
 0.1049081384969455
 0
 0.5144014545446529
 0
 0.3162032386884795
 0
 0
 0.06448716826992212
 0
 0.1049081384969455
 0
 0.5144014545446529
 0
 0.3162032386884795
 0.0286947699546412
 0
 0.1407005368122264
 0
 0.6899041564209059
 0
 0.1407005368122264
 0
 0
 0.0286947699546412
 0
 0.1407005368122264
 0
 0.6899041564209059
 0
 0.1407005368122264
 0.005719673678836329
 0
 0.1636756330880313
 0
 0.8025591240135447
 0
 0.02804556921958765
 0
 0
 0.005719673678836329
 0
 0.1636756330880313
 0
 0.8025591240135447
 0
 0.02804556921958765
 0.0326251512704344
 0
 0.001140091627989571
 0
 0.0326251512704344
 0
 0.9336096058311416
 0
 0
 0.0326251512704344
 0
 0.001140091627989571
 0
 0.0326251512704344
 0
 0.9336096058311416
 0.02804556921958765
 0
 0.005719673678836331
 0
 0.1636756330880314
 0
 0.8025591240135447
 0
 0
 0.02804556921958765
 0
 0.005719673678836331
 0
 0.1636756330880314
 0
 0.8025591240135447
 0.02091113883837367
 0
 0.0128541040600503
 0
 0.3678363028983513
 0
 0.5983984542032247
 0
 0
 0.02091113883837367
 0
 0.0128541040600503
 0
 0.3678363028983513
 0
 0.5983984542032247
 0.0128541040600503
 0
 0.02091113883837367
 0
 0.5983984542032247
 0
 0.3678363028983513
 0
 0
 0.0128541040600503
 0
 0.02091113883837367
 0
 0.5983984542032247
 0
 0.3678363028983513
 0.005719673678836329
 0
 0.02804556921958765
 0
 0.8025591240135447
 0
 0.1636756330880313
 0
 0
 0.005719673678836329
 0
 0.02804556921958765
 0
 0.8025591240135447
 0
 0.1636756330880313
 0.001140091627989571
 0
 0.0326251512704344
 0
 0.9336096058311416
 0
 0.0326251512704344
 0
 0
 0.001140091627989571
 0
 0.0326251512704344
 0
 0.9336096058311416
 0
 0.0326251512704344


# name: basisDer
# type: matrix
# ndims: 4
 8 2 2 36
 -0.483117378550788
 0
 0.483117378550788
 0
 0.01688262144921199
 0
 -0.01688262144921199
 0
 -0.483117378550788
 0
 -0.01688262144921199
 0
 0.01688262144921199
 0
 0.483117378550788
 0
 0
 -0.483117378550788
 0
 0.483117378550788
 0
 0.01688262144921199
 0
 -0.01688262144921199
 0
 -0.483117378550788
 0
 -0.01688262144921199
 0
 0.01688262144921199
 0
 0.483117378550788
 -0.483117378550788
 0
 0.483117378550788
 0
 0.01688262144921199
 0
 -0.01688262144921199
 0
 -0.4153023466165662
 0
 -0.08469765338343385
 0
 0.08469765338343385
 0
 0.4153023466165662
 0
 0
 -0.483117378550788
 0
 0.483117378550788
 0
 0.01688262144921199
 0
 -0.01688262144921199
 0
 -0.4153023466165662
 0
 -0.08469765338343385
 0
 0.08469765338343385
 0
 0.4153023466165662
 -0.483117378550788
 0
 0.483117378550788
 0
 0.01688262144921199
 0
 -0.01688262144921199
 0
 -0.3096547965207992
 0
 -0.1903452034792008
 0
 0.1903452034792008
 0
 0.3096547965207992
 0
 0
 -0.483117378550788
 0
 0.483117378550788
 0
 0.01688262144921199
 0
 -0.01688262144921199
 0
 -0.3096547965207992
 0
 -0.1903452034792008
 0
 0.1903452034792008
 0
 0.3096547965207992
 -0.483117378550788
 0
 0.483117378550788
 0
 0.01688262144921199
 0
 -0.01688262144921199
 0
 -0.1903452034792008
 0
 -0.3096547965207992
 0
 0.3096547965207992
 0
 0.1903452034792008
 0
 0
 -0.483117378550788
 0
 0.483117378550788
 0
 0.01688262144921199
 0
 -0.01688262144921199
 0
 -0.1903452034792008
 0
 -0.3096547965207992
 0
 0.3096547965207992
 0
 0.1903452034792008
 -0.483117378550788
 0
 0.483117378550788
 0
 0.01688262144921199
 0
 -0.01688262144921199
 0
 -0.08469765338343382
 0
 -0.4153023466165662
 0
 0.4153023466165662
 0
 0.08469765338343382
 0
 0
 -0.483117378550788
 0
 0.483117378550788
 0
 0.01688262144921199
 0
 -0.01688262144921199
 0
 -0.08469765338343382
 0
 -0.4153023466165662
 0
 0.4153023466165662
 0
 0.08469765338343382
 -0.483117378550788
 0
 0.483117378550788
 0
 0.01688262144921199
 0
 -0.01688262144921199
 0
 -0.01688262144921199
 0
 -0.483117378550788
 0
 0.483117378550788
 0
 0.01688262144921199
 0
 0
 -0.483117378550788
 0
 0.483117378550788
 0
 0.01688262144921199
 0
 -0.01688262144921199
 0
 -0.01688262144921199
 0
 -0.483117378550788
 0
 0.483117378550788
 0
 0.01688262144921199
 -0.4153023466165662
 0
 0.4153023466165662
 0
 0.08469765338343385
 0
 -0.08469765338343385
 0
 -0.483117378550788
 0
 -0.01688262144921199
 0
 0.01688262144921199
 0
 0.483117378550788
 0
 0
 -0.4153023466165662
 0
 0.4153023466165662
 0
 0.08469765338343385
 0
 -0.08469765338343385
 0
 -0.483117378550788
 0
 -0.01688262144921199
 0
 0.01688262144921199
 0
 0.483117378550788
 -0.4153023466165662
 0
 0.4153023466165662
 0
 0.08469765338343385
 0
 -0.08469765338343385
 0
 -0.4153023466165662
 0
 -0.08469765338343385
 0
 0.08469765338343385
 0
 0.4153023466165662
 0
 0
 -0.4153023466165662
 0
 0.4153023466165662
 0
 0.08469765338343385
 0
 -0.08469765338343385
 0
 -0.4153023466165662
 0
 -0.08469765338343385
 0
 0.08469765338343385
 0
 0.4153023466165662
 -0.4153023466165662
 0
 0.4153023466165662
 0
 0.08469765338343385
 0
 -0.08469765338343385
 0
 -0.3096547965207992
 0
 -0.1903452034792008
 0
 0.1903452034792008
 0
 0.3096547965207992
 0
 0
 -0.4153023466165662
 0
 0.4153023466165662
 0
 0.08469765338343385
 0
 -0.08469765338343385
 0
 -0.3096547965207992
 0
 -0.1903452034792008
 0
 0.1903452034792008
 0
 0.3096547965207992
 -0.4153023466165662
 0
 0.4153023466165662
 0
 0.08469765338343385
 0
 -0.08469765338343385
 0
 -0.1903452034792008
 0
 -0.3096547965207992
 0
 0.3096547965207992
 0
 0.1903452034792008
 0
 0
 -0.4153023466165662
 0
 0.4153023466165662
 0
 0.08469765338343385
 0
 -0.08469765338343385
 0
 -0.1903452034792008
 0
 -0.3096547965207992
 0
 0.3096547965207992
 0
 0.1903452034792008
 -0.4153023466165662
 0
 0.4153023466165662
 0
 0.08469765338343385
 0
 -0.08469765338343385
 0
 -0.08469765338343382
 0
 -0.4153023466165662
 0
 0.4153023466165662
 0
 0.08469765338343382
 0
 0
 -0.4153023466165662
 0
 0.4153023466165662
 0
 0.08469765338343385
 0
 -0.08469765338343385
 0
 -0.08469765338343382
 0
 -0.4153023466165662
 0
 0.4153023466165662
 0
 0.08469765338343382
 -0.4153023466165662
 0
 0.4153023466165662
 0
 0.08469765338343385
 0
 -0.08469765338343385
 0
 -0.01688262144921199
 0
 -0.483117378550788
 0
 0.483117378550788
 0
 0.01688262144921199
 0
 0
 -0.4153023466165662
 0
 0.4153023466165662
 0
 0.08469765338343385
 0
 -0.08469765338343385
 0
 -0.01688262144921199
 0
 -0.483117378550788
 0
 0.483117378550788
 0
 0.01688262144921199
 -0.3096547965207992
 0
 0.3096547965207992
 0
 0.1903452034792008
 0
 -0.1903452034792008
 0
 -0.483117378550788
 0
 -0.01688262144921199
 0
 0.01688262144921199
 0
 0.483117378550788
 0
 0
 -0.3096547965207992
 0
 0.3096547965207992
 0
 0.1903452034792008
 0
 -0.1903452034792008
 0
 -0.483117378550788
 0
 -0.01688262144921199
 0
 0.01688262144921199
 0
 0.483117378550788
 -0.3096547965207992
 0
 0.3096547965207992
 0
 0.1903452034792008
 0
 -0.1903452034792008
 0
 -0.4153023466165662
 0
 -0.08469765338343385
 0
 0.08469765338343385
 0
 0.4153023466165662
 0
 0
 -0.3096547965207992
 0
 0.3096547965207992
 0
 0.1903452034792008
 0
 -0.1903452034792008
 0
 -0.4153023466165662
 0
 -0.08469765338343385
 0
 0.08469765338343385
 0
 0.4153023466165662
 -0.3096547965207992
 0
 0.3096547965207992
 0
 0.1903452034792008
 0
 -0.1903452034792008
 0
 -0.3096547965207992
 0
 -0.1903452034792008
 0
 0.1903452034792008
 0
 0.3096547965207992
 0
 0
 -0.3096547965207992
 0
 0.3096547965207992
 0
 0.1903452034792008
 0
 -0.1903452034792008
 0
 -0.3096547965207992
 0
 -0.1903452034792008
 0
 0.1903452034792008
 0
 0.3096547965207992
 -0.3096547965207992
 0
 0.3096547965207992
 0
 0.1903452034792008
 0
 -0.1903452034792008
 0
 -0.1903452034792008
 0
 -0.3096547965207992
 0
 0.3096547965207992
 0
 0.1903452034792008
 0
 0
 -0.3096547965207992
 0
 0.3096547965207992
 0
 0.1903452034792008
 0
 -0.1903452034792008
 0
 -0.1903452034792008
 0
 -0.3096547965207992
 0
 0.3096547965207992
 0
 0.1903452034792008
 -0.3096547965207992
 0
 0.3096547965207992
 0
 0.1903452034792008
 0
 -0.1903452034792008
 0
 -0.08469765338343382
 0
 -0.4153023466165662
 0
 0.4153023466165662
 0
 0.08469765338343382
 0
 0
 -0.3096547965207992
 0
 0.3096547965207992
 0
 0.1903452034792008
 0
 -0.1903452034792008
 0
 -0.08469765338343382
 0
 -0.4153023466165662
 0
 0.4153023466165662
 0
 0.08469765338343382
 -0.3096547965207992
 0
 0.3096547965207992
 0
 0.1903452034792008
 0
 -0.1903452034792008
 0
 -0.01688262144921199
 0
 -0.483117378550788
 0
 0.483117378550788
 0
 0.01688262144921199
 0
 0
 -0.3096547965207992
 0
 0.3096547965207992
 0
 0.1903452034792008
 0
 -0.1903452034792008
 0
 -0.01688262144921199
 0
 -0.483117378550788
 0
 0.483117378550788
 0
 0.01688262144921199
 -0.1903452034792008
 0
 0.1903452034792008
 0
 0.3096547965207992
 0
 -0.3096547965207992
 0
 -0.483117378550788
 0
 -0.01688262144921199
 0
 0.01688262144921199
 0
 0.483117378550788
 0
 0
 -0.1903452034792008
 0
 0.1903452034792008
 0
 0.3096547965207992
 0
 -0.3096547965207992
 0
 -0.483117378550788
 0
 -0.01688262144921199
 0
 0.01688262144921199
 0
 0.483117378550788
 -0.1903452034792008
 0
 0.1903452034792008
 0
 0.3096547965207992
 0
 -0.3096547965207992
 0
 -0.4153023466165662
 0
 -0.08469765338343385
 0
 0.08469765338343385
 0
 0.4153023466165662
 0
 0
 -0.1903452034792008
 0
 0.1903452034792008
 0
 0.3096547965207992
 0
 -0.3096547965207992
 0
 -0.4153023466165662
 0
 -0.08469765338343385
 0
 0.08469765338343385
 0
 0.4153023466165662
 -0.1903452034792008
 0
 0.1903452034792008
 0
 0.3096547965207992
 0
 -0.3096547965207992
 0
 -0.3096547965207992
 0
 -0.1903452034792008
 0
 0.1903452034792008
 0
 0.3096547965207992
 0
 0
 -0.1903452034792008
 0
 0.1903452034792008
 0
 0.3096547965207992
 0
 -0.3096547965207992
 0
 -0.3096547965207992
 0
 -0.1903452034792008
 0
 0.1903452034792008
 0
 0.3096547965207992
 -0.1903452034792008
 0
 0.1903452034792008
 0
 0.3096547965207992
 0
 -0.3096547965207992
 0
 -0.1903452034792008
 0
 -0.3096547965207992
 0
 0.3096547965207992
 0
 0.1903452034792008
 0
 0
 -0.1903452034792008
 0
 0.1903452034792008
 0
 0.3096547965207992
 0
 -0.3096547965207992
 0
 -0.1903452034792008
 0
 -0.3096547965207992
 0
 0.3096547965207992
 0
 0.1903452034792008
 -0.1903452034792008
 0
 0.1903452034792008
 0
 0.3096547965207992
 0
 -0.3096547965207992
 0
 -0.08469765338343382
 0
 -0.4153023466165662
 0
 0.4153023466165662
 0
 0.08469765338343382
 0
 0
 -0.1903452034792008
 0
 0.1903452034792008
 0
 0.3096547965207992
 0
 -0.3096547965207992
 0
 -0.08469765338343382
 0
 -0.4153023466165662
 0
 0.4153023466165662
 0
 0.08469765338343382
 -0.1903452034792008
 0
 0.1903452034792008
 0
 0.3096547965207992
 0
 -0.3096547965207992
 0
 -0.01688262144921199
 0
 -0.483117378550788
 0
 0.483117378550788
 0
 0.01688262144921199
 0
 0
 -0.1903452034792008
 0
 0.1903452034792008
 0
 0.3096547965207992
 0
 -0.3096547965207992
 0
 -0.01688262144921199
 0
 -0.483117378550788
 0
 0.483117378550788
 0
 0.01688262144921199
 -0.08469765338343382
 0
 0.08469765338343382
 0
 0.4153023466165662
 0
 -0.4153023466165662
 0
 -0.483117378550788
 0
 -0.01688262144921199
 0
 0.01688262144921199
 0
 0.483117378550788
 0
 0
 -0.08469765338343382
 0
 0.08469765338343382
 0
 0.4153023466165662
 0
 -0.4153023466165662
 0
 -0.483117378550788
 0
 -0.01688262144921199
 0
 0.01688262144921199
 0
 0.483117378550788
 -0.08469765338343382
 0
 0.08469765338343382
 0
 0.4153023466165662
 0
 -0.4153023466165662
 0
 -0.4153023466165662
 0
 -0.08469765338343385
 0
 0.08469765338343385
 0
 0.4153023466165662
 0
 0
 -0.08469765338343382
 0
 0.08469765338343382
 0
 0.4153023466165662
 0
 -0.4153023466165662
 0
 -0.4153023466165662
 0
 -0.08469765338343385
 0
 0.08469765338343385
 0
 0.4153023466165662
 -0.08469765338343382
 0
 0.08469765338343382
 0
 0.4153023466165662
 0
 -0.4153023466165662
 0
 -0.3096547965207992
 0
 -0.1903452034792008
 0
 0.1903452034792008
 0
 0.3096547965207992
 0
 0
 -0.08469765338343382
 0
 0.08469765338343382
 0
 0.4153023466165662
 0
 -0.4153023466165662
 0
 -0.3096547965207992
 0
 -0.1903452034792008
 0
 0.1903452034792008
 0
 0.3096547965207992
 -0.08469765338343382
 0
 0.08469765338343382
 0
 0.4153023466165662
 0
 -0.4153023466165662
 0
 -0.1903452034792008
 0
 -0.3096547965207992
 0
 0.3096547965207992
 0
 0.1903452034792008
 0
 0
 -0.08469765338343382
 0
 0.08469765338343382
 0
 0.4153023466165662
 0
 -0.4153023466165662
 0
 -0.1903452034792008
 0
 -0.3096547965207992
 0
 0.3096547965207992
 0
 0.1903452034792008
 -0.08469765338343382
 0
 0.08469765338343382
 0
 0.4153023466165662
 0
 -0.4153023466165662
 0
 -0.08469765338343382
 0
 -0.4153023466165662
 0
 0.4153023466165662
 0
 0.08469765338343382
 0
 0
 -0.08469765338343382
 0
 0.08469765338343382
 0
 0.4153023466165662
 0
 -0.4153023466165662
 0
 -0.08469765338343382
 0
 -0.4153023466165662
 0
 0.4153023466165662
 0
 0.08469765338343382
 -0.08469765338343382
 0
 0.08469765338343382
 0
 0.4153023466165662
 0
 -0.4153023466165662
 0
 -0.01688262144921199
 0
 -0.483117378550788
 0
 0.483117378550788
 0
 0.01688262144921199
 0
 0
 -0.08469765338343382
 0
 0.08469765338343382
 0
 0.4153023466165662
 0
 -0.4153023466165662
 0
 -0.01688262144921199
 0
 -0.483117378550788
 0
 0.483117378550788
 0
 0.01688262144921199
 -0.01688262144921199
 0
 0.01688262144921199
 0
 0.483117378550788
 0
 -0.483117378550788
 0
 -0.483117378550788
 0
 -0.01688262144921199
 0
 0.01688262144921199
 0
 0.483117378550788
 0
 0
 -0.01688262144921199
 0
 0.01688262144921199
 0
 0.483117378550788
 0
 -0.483117378550788
 0
 -0.483117378550788
 0
 -0.01688262144921199
 0
 0.01688262144921199
 0
 0.483117378550788
 -0.01688262144921199
 0
 0.01688262144921199
 0
 0.483117378550788
 0
 -0.483117378550788
 0
 -0.4153023466165662
 0
 -0.08469765338343385
 0
 0.08469765338343385
 0
 0.4153023466165662
 0
 0
 -0.01688262144921199
 0
 0.01688262144921199
 0
 0.483117378550788
 0
 -0.483117378550788
 0
 -0.4153023466165662
 0
 -0.08469765338343385
 0
 0.08469765338343385
 0
 0.4153023466165662
 -0.01688262144921199
 0
 0.01688262144921199
 0
 0.483117378550788
 0
 -0.483117378550788
 0
 -0.3096547965207992
 0
 -0.1903452034792008
 0
 0.1903452034792008
 0
 0.3096547965207992
 0
 0
 -0.01688262144921199
 0
 0.01688262144921199
 0
 0.483117378550788
 0
 -0.483117378550788
 0
 -0.3096547965207992
 0
 -0.1903452034792008
 0
 0.1903452034792008
 0
 0.3096547965207992
 -0.01688262144921199
 0
 0.01688262144921199
 0
 0.483117378550788
 0
 -0.483117378550788
 0
 -0.1903452034792008
 0
 -0.3096547965207992
 0
 0.3096547965207992
 0
 0.1903452034792008
 0
 0
 -0.01688262144921199
 0
 0.01688262144921199
 0
 0.483117378550788
 0
 -0.483117378550788
 0
 -0.1903452034792008
 0
 -0.3096547965207992
 0
 0.3096547965207992
 0
 0.1903452034792008
 -0.01688262144921199
 0
 0.01688262144921199
 0
 0.483117378550788
 0
 -0.483117378550788
 0
 -0.08469765338343382
 0
 -0.4153023466165662
 0
 0.4153023466165662
 0
 0.08469765338343382
 0
 0
 -0.01688262144921199
 0
 0.01688262144921199
 0
 0.483117378550788
 0
 -0.483117378550788
 0
 -0.08469765338343382
 0
 -0.4153023466165662
 0
 0.4153023466165662
 0
 0.08469765338343382
 -0.01688262144921199
 0
 0.01688262144921199
 0
 0.483117378550788
 0
 -0.483117378550788
 0
 -0.01688262144921199
 0
 -0.483117378550788
 0
 0.483117378550788
 0
 0.01688262144921199
 0
 0
 -0.01688262144921199
 0
 0.01688262144921199
 0
 0.483117378550788
 0
 -0.483117378550788
 0
 -0.01688262144921199
 0
 -0.483117378550788
 0
 0.483117378550788
 0
 0.01688262144921199


# name: edgeBasis
# type: matrix
# ndims: 4
 8 2 6 4
 0.966234757101576
 0
 0.03376524289842397
 0
 -0
 0
 -0
 0
 0
 0.966234757101576
 0
 0.03376524289842397
 0
 -0
 0
 -0
 0.8306046932331324
 0
 0.1693953067668677
 0
 -0
 0
 -0
 0
 0
 0.8306046932331324
 0
 0.1693953067668677
 0
 -0
 0
 -0
 0.6193095930415984
 0
 0.3806904069584016
 0
 -0
 0
 -0
 0
 0
 0.6193095930415984
 0
 0.3806904069584016
 0
 -0
 0
 -0
 0.3806904069584016
 0
 0.6193095930415984
 0
 -0
 0
 -0
 0
 0
 0.3806904069584016
 0
 0.6193095930415984
 0
 -0
 0
 -0
 0.1693953067668676
 0
 0.8306046932331324
 0
 -0
 0
 -0
 0
 0
 0.1693953067668676
 0
 0.8306046932331324
 0
 -0
 0
 -0
 0.03376524289842397
 0
 0.966234757101576
 0
 -0
 0
 -0
 0
 0
 0.03376524289842397
 0
 0.966234757101576
 0
 -0
 0
 -0
 -0
 0
 0.966234757101576
 0
 0.03376524289842397
 0
 -0
 0
 0
 -0
 0
 0.966234757101576
 0
 0.03376524289842397
 0
 -0
 -0
 0
 0.8306046932331324
 0
 0.1693953067668677
 0
 -0
 0
 0
 -0
 0
 0.8306046932331324
 0
 0.1693953067668677
 0
 -0
 -0
 0
 0.6193095930415984
 0
 0.3806904069584016
 0
 -0
 0
 0
 -0
 0
 0.6193095930415984
 0
 0.3806904069584016
 0
 -0
 -0
 0
 0.3806904069584016
 0
 0.6193095930415984
 0
 -0
 0
 0
 -0
 0
 0.3806904069584016
 0
 0.6193095930415984
 0
 -0
 -0
 0
 0.1693953067668676
 0
 0.8306046932331324
 0
 -0
 0
 0
 -0
 0
 0.1693953067668676
 0
 0.8306046932331324
 0
 -0
 -0
 0
 0.03376524289842397
 0
 0.966234757101576
 0
 -0
 0
 0
 -0
 0
 0.03376524289842397
 0
 0.966234757101576
 0
 -0
 -0
 0
 -0
 0
 0.966234757101576
 0
 0.03376524289842397
 0
 0
 -0
 0
 -0
 0
 0.966234757101576
 0
 0.03376524289842397
 -0
 0
 -0
 0
 0.8306046932331324
 0
 0.1693953067668677
 0
 0
 -0
 0
 -0
 0
 0.8306046932331324
 0
 0.1693953067668677
 -0
 0
 -0
 0
 0.6193095930415984
 0
 0.3806904069584016
 0
 0
 -0
 0
 -0
 0
 0.6193095930415984
 0
 0.3806904069584016
 -0
 0
 -0
 0
 0.3806904069584016
 0
 0.6193095930415984
 0
 0
 -0
 0
 -0
 0
 0.3806904069584016
 0
 0.6193095930415984
 -0
 0
 -0
 0
 0.1693953067668676
 0
 0.8306046932331324
 0
 0
 -0
 0
 -0
 0
 0.1693953067668676
 0
 0.8306046932331324
 -0
 0
 -0
 0
 0.03376524289842397
 0
 0.966234757101576
 0
 0
 -0
 0
 -0
 0
 0.03376524289842397
 0
 0.966234757101576
 0.03376524289842397
 0
 -0
 0
 -0
 0
 0.966234757101576
 0
 0
 0.03376524289842397
 0
 -0
 0
 -0
 0
 0.966234757101576
 0.1693953067668677
 0
 -0
 0
 -0
 0
 0.8306046932331324
 0
 0
 0.1693953067668677
 0
 -0
 0
 -0
 0
 0.8306046932331324
 0.3806904069584016
 0
 -0
 0
 -0
 0
 0.6193095930415984
 0
 0
 0.3806904069584016
 0
 -0
 0
 -0
 0
 0.6193095930415984
 0.6193095930415984
 0
 -0
 0
 -0
 0
 0.3806904069584016
 0
 0
 0.6193095930415984
 0
 -0
 0
 -0
 0
 0.3806904069584016
 0.8306046932331324
 0
 -0
 0
 -0
 0
 0.1693953067668676
 0
 0
 0.8306046932331324
 0
 -0
 0
 -0
 0
 0.1693953067668676
 0.966234757101576
 0
 -0
 0
 -0
 0
 0.03376524289842397
 0
 0
 0.966234757101576
 0
 -0
 0
 -0
 0
 0.03376524289842397


