# Created by Octave 3.8.1, Mon Aug 17 16:45:51 2015 PDT <ataicher@ataicher-Inspiron-7548>
# name: basis
# type: matrix
# ndims: 3
 8 2 64
 0.9606840803717834
 0
 0.01946084787698497
 0
 0.000394223874246552
 0
 0.01946084787698497
 0
 0
 0.9606840803717834
 0
 0.01946084787698497
 0
 0.000394223874246552
 0
 0.01946084787698497
 0.880496767795773
 0
 0.09964816045299535
 0
 0.002018600840191554
 0
 0.01783647091103997
 0
 0
 0.880496767795773
 0
 0.09964816045299535
 0
 0.002018600840191554
 0
 0.01783647091103997
 0.7476214272293056
 0
 0.232523501019463
 0
 0.004710294022372598
 0
 0.01514477772885893
 0
 0
 0.7476214272293056
 0
 0.232523501019463
 0
 0.004710294022372598
 0
 0.01514477772885893
 0.5799687313780028
 0
 0.4001761968707657
 0
 0.008106481881409448
 0
 0.01174858986982208
 0
 0
 0.5799687313780028
 0
 0.4001761968707657
 0
 0.008106481881409448
 0
 0.01174858986982208
 0.4001761968707656
 0
 0.5799687313780029
 0
 0.01174858986982208
 0
 0.008106481881409446
 0
 0
 0.4001761968707656
 0
 0.5799687313780029
 0
 0.01174858986982208
 0
 0.008106481881409446
 0.2325235010194629
 0
 0.7476214272293056
 0
 0.01514477772885893
 0
 0.004710294022372597
 0
 0
 0.2325235010194629
 0
 0.7476214272293056
 0
 0.01514477772885893
 0
 0.004710294022372597
 0.0996481604529954
 0
 0.880496767795773
 0
 0.01783647091103997
 0
 0.002018600840191555
 0
 0
 0.0996481604529954
 0
 0.880496767795773
 0
 0.01783647091103997
 0
 0.002018600840191555
 0.01946084787698503
 0
 0.9606840803717834
 0
 0.01946084787698497
 0
 0.0003942238742465532
 0
 0
 0.01946084787698503
 0
 0.9606840803717834
 0
 0.01946084787698497
 0
 0.0003942238742465532
 0.880496767795773
 0
 0.01783647091103997
 0
 0.002018600840191554
 0
 0.09964816045299535
 0
 0
 0.880496767795773
 0
 0.01783647091103997
 0
 0.002018600840191554
 0
 0.09964816045299535
 0.8070026077654719
 0
 0.09133063094134106
 0
 0.01033613035184585
 0
 0.09133063094134106
 0
 0
 0.8070026077654719
 0
 0.09133063094134106
 0
 0.01033613035184585
 0
 0.09133063094134106
 0.6852182352761726
 0
 0.2131150034306404
 0
 0.02411879161119513
 0
 0.07754796968199179
 0
 0
 0.6852182352761726
 0
 0.2131150034306404
 0
 0.02411879161119513
 0
 0.07754796968199179
 0.5315593375954782
 0
 0.3667739011113348
 0
 0.0415087776408403
 0
 0.06015798365234661
 0
 0
 0.5315593375954782
 0
 0.3667739011113348
 0
 0.0415087776408403
 0
 0.06015798365234661
 0.3667739011113347
 0
 0.5315593375954782
 0
 0.06015798365234661
 0
 0.0415087776408403
 0
 0
 0.3667739011113347
 0
 0.5315593375954782
 0
 0.06015798365234661
 0
 0.0415087776408403
 0.2131150034306404
 0
 0.6852182352761726
 0
 0.07754796968199179
 0
 0.02411879161119512
 0
 0
 0.2131150034306404
 0
 0.6852182352761726
 0
 0.07754796968199179
 0
 0.02411879161119512
 0.09133063094134111
 0
 0.8070026077654719
 0
 0.09133063094134106
 0
 0.01033613035184586
 0
 0
 0.09133063094134111
 0
 0.8070026077654719
 0
 0.09133063094134106
 0
 0.01033613035184586
 0.01783647091104002
 0
 0.880496767795773
 0
 0.09964816045299535
 0
 0.00201860084019156
 0
 0
 0.01783647091104002
 0
 0.880496767795773
 0
 0.09964816045299535
 0
 0.00201860084019156
 0.7476214272293056
 0
 0.01514477772885893
 0
 0.004710294022372598
 0
 0.232523501019463
 0
 0
 0.7476214272293056
 0
 0.01514477772885893
 0
 0.004710294022372598
 0
 0.232523501019463
 0.6852182352761726
 0
 0.07754796968199179
 0
 0.02411879161119513
 0
 0.2131150034306404
 0
 0
 0.6852182352761726
 0
 0.07754796968199179
 0
 0.02411879161119513
 0
 0.2131150034306404
 0.5818122834262806
 0
 0.1809539215318839
 0
 0.05627987350995164
 0
 0.1809539215318839
 0
 0
 0.5818122834262806
 0
 0.1809539215318839
 0
 0.05627987350995164
 0
 0.1809539215318839
 0.4513419755362144
 0
 0.31142422942195
 0
 0.0968584493302251
 0
 0.1403753457116104
 0
 0
 0.4513419755362144
 0
 0.31142422942195
 0
 0.0968584493302251
 0
 0.1403753457116104
 0.31142422942195
 0
 0.4513419755362145
 0
 0.1403753457116105
 0
 0.09685844933022508
 0
 0
 0.31142422942195
 0
 0.4513419755362145
 0
 0.1403753457116105
 0
 0.09685844933022508
 0.1809539215318839
 0
 0.5818122834262806
 0
 0.1809539215318839
 0
 0.05627987350995163
 0
 0
 0.1809539215318839
 0
 0.5818122834262806
 0
 0.1809539215318839
 0
 0.05627987350995163
 0.07754796968199183
 0
 0.6852182352761726
 0
 0.2131150034306404
 0
 0.02411879161119514
 0
 0
 0.07754796968199183
 0
 0.6852182352761726
 0
 0.2131150034306404
 0
 0.02411879161119514
 0.01514477772885897
 0
 0.7476214272293056
 0
 0.232523501019463
 0
 0.004710294022372611
 0
 0
 0.01514477772885897
 0
 0.7476214272293056
 0
 0.232523501019463
 0
 0.004710294022372611
 0.5799687313780028
 0
 0.01174858986982208
 0
 0.008106481881409448
 0
 0.4001761968707657
 0
 0
 0.5799687313780028
 0
 0.01174858986982208
 0
 0.008106481881409448
 0
 0.4001761968707657
 0.5315593375954782
 0
 0.06015798365234661
 0
 0.0415087776408403
 0
 0.3667739011113348
 0
 0
 0.5315593375954782
 0
 0.06015798365234661
 0
 0.0415087776408403
 0
 0.3667739011113348
 0.4513419755362144
 0
 0.1403753457116104
 0
 0.0968584493302251
 0
 0.31142422942195
 0
 0
 0.4513419755362144
 0
 0.1403753457116104
 0
 0.0968584493302251
 0
 0.31142422942195
 0.3501293882647015
 0
 0.2415879329831233
 0
 0.1666947457690518
 0
 0.2415879329831233
 0
 0
 0.3501293882647015
 0
 0.2415879329831233
 0
 0.1666947457690518
 0
 0.2415879329831233
 0.2415879329831232
 0
 0.3501293882647016
 0
 0.2415879329831233
 0
 0.1666947457690518
 0
 0
 0.2415879329831232
 0
 0.3501293882647016
 0
 0.2415879329831233
 0
 0.1666947457690518
 0.1403753457116104
 0
 0.4513419755362144
 0
 0.31142422942195
 0
 0.09685844933022508
 0
 0
 0.1403753457116104
 0
 0.4513419755362144
 0
 0.31142422942195
 0
 0.09685844933022508
 0.06015798365234664
 0
 0.5315593375954782
 0
 0.3667739011113348
 0
 0.04150877764084033
 0
 0
 0.06015798365234664
 0
 0.5315593375954782
 0
 0.3667739011113348
 0
 0.04150877764084033
 0.01174858986982211
 0
 0.5799687313780028
 0
 0.4001761968707657
 0
 0.00810648188140947
 0
 0
 0.01174858986982211
 0
 0.5799687313780028
 0
 0.4001761968707657
 0
 0.00810648188140947
 0.4001761968707656
 0
 0.008106481881409446
 0
 0.01174858986982208
 0
 0.5799687313780029
 0
 0
 0.4001761968707656
 0
 0.008106481881409446
 0
 0.01174858986982208
 0
 0.5799687313780029
 0.3667739011113347
 0
 0.0415087776408403
 0
 0.06015798365234661
 0
 0.5315593375954782
 0
 0
 0.3667739011113347
 0
 0.0415087776408403
 0
 0.06015798365234661
 0
 0.5315593375954782
 0.31142422942195
 0
 0.09685844933022508
 0
 0.1403753457116105
 0
 0.4513419755362145
 0
 0
 0.31142422942195
 0
 0.09685844933022508
 0
 0.1403753457116105
 0
 0.4513419755362145
 0.2415879329831232
 0
 0.1666947457690518
 0
 0.2415879329831233
 0
 0.3501293882647016
 0
 0
 0.2415879329831232
 0
 0.1666947457690518
 0
 0.2415879329831233
 0
 0.3501293882647016
 0.1666947457690518
 0
 0.2415879329831233
 0
 0.3501293882647017
 0
 0.2415879329831233
 0
 0
 0.1666947457690518
 0
 0.2415879329831233
 0
 0.3501293882647017
 0
 0.2415879329831233
 0.09685844933022507
 0
 0.31142422942195
 0
 0.4513419755362145
 0
 0.1403753457116104
 0
 0
 0.09685844933022507
 0
 0.31142422942195
 0
 0.4513419755362145
 0
 0.1403753457116104
 0.04150877764084032
 0
 0.3667739011113347
 0
 0.5315593375954782
 0
 0.06015798365234665
 0
 0
 0.04150877764084032
 0
 0.3667739011113347
 0
 0.5315593375954782
 0
 0.06015798365234665
 0.008106481881409468
 0
 0.4001761968707656
 0
 0.5799687313780029
 0
 0.01174858986982211
 0
 0
 0.008106481881409468
 0
 0.4001761968707656
 0
 0.5799687313780029
 0
 0.01174858986982211
 0.2325235010194629
 0
 0.004710294022372597
 0
 0.01514477772885893
 0
 0.7476214272293056
 0
 0
 0.2325235010194629
 0
 0.004710294022372597
 0
 0.01514477772885893
 0
 0.7476214272293056
 0.2131150034306404
 0
 0.02411879161119512
 0
 0.07754796968199179
 0
 0.6852182352761726
 0
 0
 0.2131150034306404
 0
 0.02411879161119512
 0
 0.07754796968199179
 0
 0.6852182352761726
 0.1809539215318839
 0
 0.05627987350995163
 0
 0.1809539215318839
 0
 0.5818122834262806
 0
 0
 0.1809539215318839
 0
 0.05627987350995163
 0
 0.1809539215318839
 0
 0.5818122834262806
 0.1403753457116104
 0
 0.09685844933022508
 0
 0.31142422942195
 0
 0.4513419755362144
 0
 0
 0.1403753457116104
 0
 0.09685844933022508
 0
 0.31142422942195
 0
 0.4513419755362144
 0.09685844933022507
 0
 0.1403753457116104
 0
 0.4513419755362145
 0
 0.31142422942195
 0
 0
 0.09685844933022507
 0
 0.1403753457116104
 0
 0.4513419755362145
 0
 0.31142422942195
 0.05627987350995162
 0
 0.1809539215318839
 0
 0.5818122834262806
 0
 0.1809539215318839
 0
 0
 0.05627987350995162
 0
 0.1809539215318839
 0
 0.5818122834262806
 0
 0.1809539215318839
 0.02411879161119513
 0
 0.2131150034306404
 0
 0.6852182352761726
 0
 0.07754796968199183
 0
 0
 0.02411879161119513
 0
 0.2131150034306404
 0
 0.6852182352761726
 0
 0.07754796968199183
 0.00471029402237261
 0
 0.2325235010194629
 0
 0.7476214272293056
 0
 0.01514477772885897
 0
 0
 0.00471029402237261
 0
 0.2325235010194629
 0
 0.7476214272293056
 0
 0.01514477772885897
 0.0996481604529954
 0
 0.002018600840191555
 0
 0.01783647091103997
 0
 0.880496767795773
 0
 0
 0.0996481604529954
 0
 0.002018600840191555
 0
 0.01783647091103997
 0
 0.880496767795773
 0.09133063094134111
 0
 0.01033613035184586
 0
 0.09133063094134106
 0
 0.8070026077654719
 0
 0
 0.09133063094134111
 0
 0.01033613035184586
 0
 0.09133063094134106
 0
 0.8070026077654719
 0.07754796968199183
 0
 0.02411879161119514
 0
 0.2131150034306404
 0
 0.6852182352761726
 0
 0
 0.07754796968199183
 0
 0.02411879161119514
 0
 0.2131150034306404
 0
 0.6852182352761726
 0.06015798365234664
 0
 0.04150877764084033
 0
 0.3667739011113348
 0
 0.5315593375954782
 0
 0
 0.06015798365234664
 0
 0.04150877764084033
 0
 0.3667739011113348
 0
 0.5315593375954782
 0.04150877764084032
 0
 0.06015798365234665
 0
 0.5315593375954782
 0
 0.3667739011113347
 0
 0
 0.04150877764084032
 0
 0.06015798365234665
 0
 0.5315593375954782
 0
 0.3667739011113347
 0.02411879161119513
 0
 0.07754796968199183
 0
 0.6852182352761726
 0
 0.2131150034306404
 0
 0
 0.02411879161119513
 0
 0.07754796968199183
 0
 0.6852182352761726
 0
 0.2131150034306404
 0.01033613035184586
 0
 0.09133063094134111
 0
 0.8070026077654719
 0
 0.09133063094134111
 0
 0
 0.01033613035184586
 0
 0.09133063094134111
 0
 0.8070026077654719
 0
 0.09133063094134111
 0.002018600840191561
 0
 0.0996481604529954
 0
 0.880496767795773
 0
 0.01783647091104002
 0
 0
 0.002018600840191561
 0
 0.0996481604529954
 0
 0.880496767795773
 0
 0.01783647091104002
 0.01946084787698503
 0
 0.0003942238742465532
 0
 0.01946084787698497
 0
 0.9606840803717834
 0
 0
 0.01946084787698503
 0
 0.0003942238742465532
 0
 0.01946084787698497
 0
 0.9606840803717834
 0.01783647091104002
 0
 0.00201860084019156
 0
 0.09964816045299535
 0
 0.880496767795773
 0
 0
 0.01783647091104002
 0
 0.00201860084019156
 0
 0.09964816045299535
 0
 0.880496767795773
 0.01514477772885897
 0
 0.004710294022372611
 0
 0.232523501019463
 0
 0.7476214272293056
 0
 0
 0.01514477772885897
 0
 0.004710294022372611
 0
 0.232523501019463
 0
 0.7476214272293056
 0.01174858986982211
 0
 0.00810648188140947
 0
 0.4001761968707657
 0
 0.5799687313780028
 0
 0
 0.01174858986982211
 0
 0.00810648188140947
 0
 0.4001761968707657
 0
 0.5799687313780028
 0.008106481881409468
 0
 0.01174858986982211
 0
 0.5799687313780029
 0
 0.4001761968707656
 0
 0
 0.008106481881409468
 0
 0.01174858986982211
 0
 0.5799687313780029
 0
 0.4001761968707656
 0.00471029402237261
 0
 0.01514477772885897
 0
 0.7476214272293056
 0
 0.2325235010194629
 0
 0
 0.00471029402237261
 0
 0.01514477772885897
 0
 0.7476214272293056
 0
 0.2325235010194629
 0.002018600840191561
 0
 0.01783647091104002
 0
 0.880496767795773
 0
 0.0996481604529954
 0
 0
 0.002018600840191561
 0
 0.01783647091104002
 0
 0.880496767795773
 0
 0.0996481604529954
 0.0003942238742465542
 0
 0.01946084787698503
 0
 0.9606840803717834
 0
 0.01946084787698503
 0
 0
 0.0003942238742465542
 0
 0.01946084787698503
 0
 0.9606840803717834
 0
 0.01946084787698503


# name: basisDer
# type: matrix
# ndims: 4
 8 2 2 64
 -0.4900724641243842
 0
 0.4900724641243842
 0
 0.009927535875615762
 0
 -0.009927535875615762
 0
 -0.4900724641243842
 0
 -0.009927535875615762
 0
 0.009927535875615762
 0
 0.4900724641243842
 0
 0
 -0.4900724641243842
 0
 0.4900724641243842
 0
 0.009927535875615762
 0
 -0.009927535875615762
 0
 -0.4900724641243842
 0
 -0.009927535875615762
 0
 0.009927535875615762
 0
 0.4900724641243842
 -0.4900724641243842
 0
 0.4900724641243842
 0
 0.009927535875615762
 0
 -0.009927535875615762
 0
 -0.4491666193534065
 0
 -0.05083338064659346
 0
 0.05083338064659346
 0
 0.4491666193534065
 0
 0
 -0.4900724641243842
 0
 0.4900724641243842
 0
 0.009927535875615762
 0
 -0.009927535875615762
 0
 -0.4491666193534065
 0
 -0.05083338064659346
 0
 0.05083338064659346
 0
 0.4491666193534065
 -0.4900724641243842
 0
 0.4900724641243842
 0
 0.009927535875615762
 0
 -0.009927535875615762
 0
 -0.3813831024790822
 0
 -0.1186168975209178
 0
 0.1186168975209178
 0
 0.3813831024790822
 0
 0
 -0.4900724641243842
 0
 0.4900724641243842
 0
 0.009927535875615762
 0
 -0.009927535875615762
 0
 -0.3813831024790822
 0
 -0.1186168975209178
 0
 0.1186168975209178
 0
 0.3813831024790822
 -0.4900724641243842
 0
 0.4900724641243842
 0
 0.009927535875615762
 0
 -0.009927535875615762
 0
 -0.2958586606239124
 0
 -0.2041413393760876
 0
 0.2041413393760876
 0
 0.2958586606239124
 0
 0
 -0.4900724641243842
 0
 0.4900724641243842
 0
 0.009927535875615762
 0
 -0.009927535875615762
 0
 -0.2958586606239124
 0
 -0.2041413393760876
 0
 0.2041413393760876
 0
 0.2958586606239124
 -0.4900724641243842
 0
 0.4900724641243842
 0
 0.009927535875615762
 0
 -0.009927535875615762
 0
 -0.2041413393760875
 0
 -0.2958586606239125
 0
 0.2958586606239125
 0
 0.2041413393760875
 0
 0
 -0.4900724641243842
 0
 0.4900724641243842
 0
 0.009927535875615762
 0
 -0.009927535875615762
 0
 -0.2041413393760875
 0
 -0.2958586606239125
 0
 0.2958586606239125
 0
 0.2041413393760875
 -0.4900724641243842
 0
 0.4900724641243842
 0
 0.009927535875615762
 0
 -0.009927535875615762
 0
 -0.1186168975209178
 0
 -0.3813831024790822
 0
 0.3813831024790822
 0
 0.1186168975209178
 0
 0
 -0.4900724641243842
 0
 0.4900724641243842
 0
 0.009927535875615762
 0
 -0.009927535875615762
 0
 -0.1186168975209178
 0
 -0.3813831024790822
 0
 0.3813831024790822
 0
 0.1186168975209178
 -0.4900724641243842
 0
 0.4900724641243842
 0
 0.009927535875615762
 0
 -0.009927535875615762
 0
 -0.05083338064659348
 0
 -0.4491666193534065
 0
 0.4491666193534065
 0
 0.05083338064659348
 0
 0
 -0.4900724641243842
 0
 0.4900724641243842
 0
 0.009927535875615762
 0
 -0.009927535875615762
 0
 -0.05083338064659348
 0
 -0.4491666193534065
 0
 0.4491666193534065
 0
 0.05083338064659348
 -0.4900724641243842
 0
 0.4900724641243842
 0
 0.009927535875615762
 0
 -0.009927535875615762
 0
 -0.009927535875615789
 0
 -0.4900724641243842
 0
 0.4900724641243842
 0
 0.009927535875615789
 0
 0
 -0.4900724641243842
 0
 0.4900724641243842
 0
 0.009927535875615762
 0
 -0.009927535875615762
 0
 -0.009927535875615789
 0
 -0.4900724641243842
 0
 0.4900724641243842
 0
 0.009927535875615789
 -0.4491666193534065
 0
 0.4491666193534065
 0
 0.05083338064659346
 0
 -0.05083338064659346
 0
 -0.4900724641243842
 0
 -0.009927535875615762
 0
 0.009927535875615762
 0
 0.4900724641243842
 0
 0
 -0.4491666193534065
 0
 0.4491666193534065
 0
 0.05083338064659346
 0
 -0.05083338064659346
 0
 -0.4900724641243842
 0
 -0.009927535875615762
 0
 0.009927535875615762
 0
 0.4900724641243842
 -0.4491666193534065
 0
 0.4491666193534065
 0
 0.05083338064659346
 0
 -0.05083338064659346
 0
 -0.4491666193534065
 0
 -0.05083338064659346
 0
 0.05083338064659346
 0
 0.4491666193534065
 0
 0
 -0.4491666193534065
 0
 0.4491666193534065
 0
 0.05083338064659346
 0
 -0.05083338064659346
 0
 -0.4491666193534065
 0
 -0.05083338064659346
 0
 0.05083338064659346
 0
 0.4491666193534065
 -0.4491666193534065
 0
 0.4491666193534065
 0
 0.05083338064659346
 0
 -0.05083338064659346
 0
 -0.3813831024790822
 0
 -0.1186168975209178
 0
 0.1186168975209178
 0
 0.3813831024790822
 0
 0
 -0.4491666193534065
 0
 0.4491666193534065
 0
 0.05083338064659346
 0
 -0.05083338064659346
 0
 -0.3813831024790822
 0
 -0.1186168975209178
 0
 0.1186168975209178
 0
 0.3813831024790822
 -0.4491666193534065
 0
 0.4491666193534065
 0
 0.05083338064659346
 0
 -0.05083338064659346
 0
 -0.2958586606239124
 0
 -0.2041413393760876
 0
 0.2041413393760876
 0
 0.2958586606239124
 0
 0
 -0.4491666193534065
 0
 0.4491666193534065
 0
 0.05083338064659346
 0
 -0.05083338064659346
 0
 -0.2958586606239124
 0
 -0.2041413393760876
 0
 0.2041413393760876
 0
 0.2958586606239124
 -0.4491666193534065
 0
 0.4491666193534065
 0
 0.05083338064659346
 0
 -0.05083338064659346
 0
 -0.2041413393760875
 0
 -0.2958586606239125
 0
 0.2958586606239125
 0
 0.2041413393760875
 0
 0
 -0.4491666193534065
 0
 0.4491666193534065
 0
 0.05083338064659346
 0
 -0.05083338064659346
 0
 -0.2041413393760875
 0
 -0.2958586606239125
 0
 0.2958586606239125
 0
 0.2041413393760875
 -0.4491666193534065
 0
 0.4491666193534065
 0
 0.05083338064659346
 0
 -0.05083338064659346
 0
 -0.1186168975209178
 0
 -0.3813831024790822
 0
 0.3813831024790822
 0
 0.1186168975209178
 0
 0
 -0.4491666193534065
 0
 0.4491666193534065
 0
 0.05083338064659346
 0
 -0.05083338064659346
 0
 -0.1186168975209178
 0
 -0.3813831024790822
 0
 0.3813831024790822
 0
 0.1186168975209178
 -0.4491666193534065
 0
 0.4491666193534065
 0
 0.05083338064659346
 0
 -0.05083338064659346
 0
 -0.05083338064659348
 0
 -0.4491666193534065
 0
 0.4491666193534065
 0
 0.05083338064659348
 0
 0
 -0.4491666193534065
 0
 0.4491666193534065
 0
 0.05083338064659346
 0
 -0.05083338064659346
 0
 -0.05083338064659348
 0
 -0.4491666193534065
 0
 0.4491666193534065
 0
 0.05083338064659348
 -0.4491666193534065
 0
 0.4491666193534065
 0
 0.05083338064659346
 0
 -0.05083338064659346
 0
 -0.009927535875615789
 0
 -0.4900724641243842
 0
 0.4900724641243842
 0
 0.009927535875615789
 0
 0
 -0.4491666193534065
 0
 0.4491666193534065
 0
 0.05083338064659346
 0
 -0.05083338064659346
 0
 -0.009927535875615789
 0
 -0.4900724641243842
 0
 0.4900724641243842
 0
 0.009927535875615789
 -0.3813831024790822
 0
 0.3813831024790822
 0
 0.1186168975209178
 0
 -0.1186168975209178
 0
 -0.4900724641243842
 0
 -0.009927535875615762
 0
 0.009927535875615762
 0
 0.4900724641243842
 0
 0
 -0.3813831024790822
 0
 0.3813831024790822
 0
 0.1186168975209178
 0
 -0.1186168975209178
 0
 -0.4900724641243842
 0
 -0.009927535875615762
 0
 0.009927535875615762
 0
 0.4900724641243842
 -0.3813831024790822
 0
 0.3813831024790822
 0
 0.1186168975209178
 0
 -0.1186168975209178
 0
 -0.4491666193534065
 0
 -0.05083338064659346
 0
 0.05083338064659346
 0
 0.4491666193534065
 0
 0
 -0.3813831024790822
 0
 0.3813831024790822
 0
 0.1186168975209178
 0
 -0.1186168975209178
 0
 -0.4491666193534065
 0
 -0.05083338064659346
 0
 0.05083338064659346
 0
 0.4491666193534065
 -0.3813831024790822
 0
 0.3813831024790822
 0
 0.1186168975209178
 0
 -0.1186168975209178
 0
 -0.3813831024790822
 0
 -0.1186168975209178
 0
 0.1186168975209178
 0
 0.3813831024790822
 0
 0
 -0.3813831024790822
 0
 0.3813831024790822
 0
 0.1186168975209178
 0
 -0.1186168975209178
 0
 -0.3813831024790822
 0
 -0.1186168975209178
 0
 0.1186168975209178
 0
 0.3813831024790822
 -0.3813831024790822
 0
 0.3813831024790822
 0
 0.1186168975209178
 0
 -0.1186168975209178
 0
 -0.2958586606239124
 0
 -0.2041413393760876
 0
 0.2041413393760876
 0
 0.2958586606239124
 0
 0
 -0.3813831024790822
 0
 0.3813831024790822
 0
 0.1186168975209178
 0
 -0.1186168975209178
 0
 -0.2958586606239124
 0
 -0.2041413393760876
 0
 0.2041413393760876
 0
 0.2958586606239124
 -0.3813831024790822
 0
 0.3813831024790822
 0
 0.1186168975209178
 0
 -0.1186168975209178
 0
 -0.2041413393760875
 0
 -0.2958586606239125
 0
 0.2958586606239125
 0
 0.2041413393760875
 0
 0
 -0.3813831024790822
 0
 0.3813831024790822
 0
 0.1186168975209178
 0
 -0.1186168975209178
 0
 -0.2041413393760875
 0
 -0.2958586606239125
 0
 0.2958586606239125
 0
 0.2041413393760875
 -0.3813831024790822
 0
 0.3813831024790822
 0
 0.1186168975209178
 0
 -0.1186168975209178
 0
 -0.1186168975209178
 0
 -0.3813831024790822
 0
 0.3813831024790822
 0
 0.1186168975209178
 0
 0
 -0.3813831024790822
 0
 0.3813831024790822
 0
 0.1186168975209178
 0
 -0.1186168975209178
 0
 -0.1186168975209178
 0
 -0.3813831024790822
 0
 0.3813831024790822
 0
 0.1186168975209178
 -0.3813831024790822
 0
 0.3813831024790822
 0
 0.1186168975209178
 0
 -0.1186168975209178
 0
 -0.05083338064659348
 0
 -0.4491666193534065
 0
 0.4491666193534065
 0
 0.05083338064659348
 0
 0
 -0.3813831024790822
 0
 0.3813831024790822
 0
 0.1186168975209178
 0
 -0.1186168975209178
 0
 -0.05083338064659348
 0
 -0.4491666193534065
 0
 0.4491666193534065
 0
 0.05083338064659348
 -0.3813831024790822
 0
 0.3813831024790822
 0
 0.1186168975209178
 0
 -0.1186168975209178
 0
 -0.009927535875615789
 0
 -0.4900724641243842
 0
 0.4900724641243842
 0
 0.009927535875615789
 0
 0
 -0.3813831024790822
 0
 0.3813831024790822
 0
 0.1186168975209178
 0
 -0.1186168975209178
 0
 -0.009927535875615789
 0
 -0.4900724641243842
 0
 0.4900724641243842
 0
 0.009927535875615789
 -0.2958586606239124
 0
 0.2958586606239124
 0
 0.2041413393760876
 0
 -0.2041413393760876
 0
 -0.4900724641243842
 0
 -0.009927535875615762
 0
 0.009927535875615762
 0
 0.4900724641243842
 0
 0
 -0.2958586606239124
 0
 0.2958586606239124
 0
 0.2041413393760876
 0
 -0.2041413393760876
 0
 -0.4900724641243842
 0
 -0.009927535875615762
 0
 0.009927535875615762
 0
 0.4900724641243842
 -0.2958586606239124
 0
 0.2958586606239124
 0
 0.2041413393760876
 0
 -0.2041413393760876
 0
 -0.4491666193534065
 0
 -0.05083338064659346
 0
 0.05083338064659346
 0
 0.4491666193534065
 0
 0
 -0.2958586606239124
 0
 0.2958586606239124
 0
 0.2041413393760876
 0
 -0.2041413393760876
 0
 -0.4491666193534065
 0
 -0.05083338064659346
 0
 0.05083338064659346
 0
 0.4491666193534065
 -0.2958586606239124
 0
 0.2958586606239124
 0
 0.2041413393760876
 0
 -0.2041413393760876
 0
 -0.3813831024790822
 0
 -0.1186168975209178
 0
 0.1186168975209178
 0
 0.3813831024790822
 0
 0
 -0.2958586606239124
 0
 0.2958586606239124
 0
 0.2041413393760876
 0
 -0.2041413393760876
 0
 -0.3813831024790822
 0
 -0.1186168975209178
 0
 0.1186168975209178
 0
 0.3813831024790822
 -0.2958586606239124
 0
 0.2958586606239124
 0
 0.2041413393760876
 0
 -0.2041413393760876
 0
 -0.2958586606239124
 0
 -0.2041413393760876
 0
 0.2041413393760876
 0
 0.2958586606239124
 0
 0
 -0.2958586606239124
 0
 0.2958586606239124
 0
 0.2041413393760876
 0
 -0.2041413393760876
 0
 -0.2958586606239124
 0
 -0.2041413393760876
 0
 0.2041413393760876
 0
 0.2958586606239124
 -0.2958586606239124
 0
 0.2958586606239124
 0
 0.2041413393760876
 0
 -0.2041413393760876
 0
 -0.2041413393760875
 0
 -0.2958586606239125
 0
 0.2958586606239125
 0
 0.2041413393760875
 0
 0
 -0.2958586606239124
 0
 0.2958586606239124
 0
 0.2041413393760876
 0
 -0.2041413393760876
 0
 -0.2041413393760875
 0
 -0.2958586606239125
 0
 0.2958586606239125
 0
 0.2041413393760875
 -0.2958586606239124
 0
 0.2958586606239124
 0
 0.2041413393760876
 0
 -0.2041413393760876
 0
 -0.1186168975209178
 0
 -0.3813831024790822
 0
 0.3813831024790822
 0
 0.1186168975209178
 0
 0
 -0.2958586606239124
 0
 0.2958586606239124
 0
 0.2041413393760876
 0
 -0.2041413393760876
 0
 -0.1186168975209178
 0
 -0.3813831024790822
 0
 0.3813831024790822
 0
 0.1186168975209178
 -0.2958586606239124
 0
 0.2958586606239124
 0
 0.2041413393760876
 0
 -0.2041413393760876
 0
 -0.05083338064659348
 0
 -0.4491666193534065
 0
 0.4491666193534065
 0
 0.05083338064659348
 0
 0
 -0.2958586606239124
 0
 0.2958586606239124
 0
 0.2041413393760876
 0
 -0.2041413393760876
 0
 -0.05083338064659348
 0
 -0.4491666193534065
 0
 0.4491666193534065
 0
 0.05083338064659348
 -0.2958586606239124
 0
 0.2958586606239124
 0
 0.2041413393760876
 0
 -0.2041413393760876
 0
 -0.009927535875615789
 0
 -0.4900724641243842
 0
 0.4900724641243842
 0
 0.009927535875615789
 0
 0
 -0.2958586606239124
 0
 0.2958586606239124
 0
 0.2041413393760876
 0
 -0.2041413393760876
 0
 -0.009927535875615789
 0
 -0.4900724641243842
 0
 0.4900724641243842
 0
 0.009927535875615789
 -0.2041413393760875
 0
 0.2041413393760875
 0
 0.2958586606239125
 0
 -0.2958586606239125
 0
 -0.4900724641243842
 0
 -0.009927535875615762
 0
 0.009927535875615762
 0
 0.4900724641243842
 0
 0
 -0.2041413393760875
 0
 0.2041413393760875
 0
 0.2958586606239125
 0
 -0.2958586606239125
 0
 -0.4900724641243842
 0
 -0.009927535875615762
 0
 0.009927535875615762
 0
 0.4900724641243842
 -0.2041413393760875
 0
 0.2041413393760875
 0
 0.2958586606239125
 0
 -0.2958586606239125
 0
 -0.4491666193534065
 0
 -0.05083338064659346
 0
 0.05083338064659346
 0
 0.4491666193534065
 0
 0
 -0.2041413393760875
 0
 0.2041413393760875
 0
 0.2958586606239125
 0
 -0.2958586606239125
 0
 -0.4491666193534065
 0
 -0.05083338064659346
 0
 0.05083338064659346
 0
 0.4491666193534065
 -0.2041413393760875
 0
 0.2041413393760875
 0
 0.2958586606239125
 0
 -0.2958586606239125
 0
 -0.3813831024790822
 0
 -0.1186168975209178
 0
 0.1186168975209178
 0
 0.3813831024790822
 0
 0
 -0.2041413393760875
 0
 0.2041413393760875
 0
 0.2958586606239125
 0
 -0.2958586606239125
 0
 -0.3813831024790822
 0
 -0.1186168975209178
 0
 0.1186168975209178
 0
 0.3813831024790822
 -0.2041413393760875
 0
 0.2041413393760875
 0
 0.2958586606239125
 0
 -0.2958586606239125
 0
 -0.2958586606239124
 0
 -0.2041413393760876
 0
 0.2041413393760876
 0
 0.2958586606239124
 0
 0
 -0.2041413393760875
 0
 0.2041413393760875
 0
 0.2958586606239125
 0
 -0.2958586606239125
 0
 -0.2958586606239124
 0
 -0.2041413393760876
 0
 0.2041413393760876
 0
 0.2958586606239124
 -0.2041413393760875
 0
 0.2041413393760875
 0
 0.2958586606239125
 0
 -0.2958586606239125
 0
 -0.2041413393760875
 0
 -0.2958586606239125
 0
 0.2958586606239125
 0
 0.2041413393760875
 0
 0
 -0.2041413393760875
 0
 0.2041413393760875
 0
 0.2958586606239125
 0
 -0.2958586606239125
 0
 -0.2041413393760875
 0
 -0.2958586606239125
 0
 0.2958586606239125
 0
 0.2041413393760875
 -0.2041413393760875
 0
 0.2041413393760875
 0
 0.2958586606239125
 0
 -0.2958586606239125
 0
 -0.1186168975209178
 0
 -0.3813831024790822
 0
 0.3813831024790822
 0
 0.1186168975209178
 0
 0
 -0.2041413393760875
 0
 0.2041413393760875
 0
 0.2958586606239125
 0
 -0.2958586606239125
 0
 -0.1186168975209178
 0
 -0.3813831024790822
 0
 0.3813831024790822
 0
 0.1186168975209178
 -0.2041413393760875
 0
 0.2041413393760875
 0
 0.2958586606239125
 0
 -0.2958586606239125
 0
 -0.05083338064659348
 0
 -0.4491666193534065
 0
 0.4491666193534065
 0
 0.05083338064659348
 0
 0
 -0.2041413393760875
 0
 0.2041413393760875
 0
 0.2958586606239125
 0
 -0.2958586606239125
 0
 -0.05083338064659348
 0
 -0.4491666193534065
 0
 0.4491666193534065
 0
 0.05083338064659348
 -0.2041413393760875
 0
 0.2041413393760875
 0
 0.2958586606239125
 0
 -0.2958586606239125
 0
 -0.009927535875615789
 0
 -0.4900724641243842
 0
 0.4900724641243842
 0
 0.009927535875615789
 0
 0
 -0.2041413393760875
 0
 0.2041413393760875
 0
 0.2958586606239125
 0
 -0.2958586606239125
 0
 -0.009927535875615789
 0
 -0.4900724641243842
 0
 0.4900724641243842
 0
 0.009927535875615789
 -0.1186168975209178
 0
 0.1186168975209178
 0
 0.3813831024790822
 0
 -0.3813831024790822
 0
 -0.4900724641243842
 0
 -0.009927535875615762
 0
 0.009927535875615762
 0
 0.4900724641243842
 0
 0
 -0.1186168975209178
 0
 0.1186168975209178
 0
 0.3813831024790822
 0
 -0.3813831024790822
 0
 -0.4900724641243842
 0
 -0.009927535875615762
 0
 0.009927535875615762
 0
 0.4900724641243842
 -0.1186168975209178
 0
 0.1186168975209178
 0
 0.3813831024790822
 0
 -0.3813831024790822
 0
 -0.4491666193534065
 0
 -0.05083338064659346
 0
 0.05083338064659346
 0
 0.4491666193534065
 0
 0
 -0.1186168975209178
 0
 0.1186168975209178
 0
 0.3813831024790822
 0
 -0.3813831024790822
 0
 -0.4491666193534065
 0
 -0.05083338064659346
 0
 0.05083338064659346
 0
 0.4491666193534065
 -0.1186168975209178
 0
 0.1186168975209178
 0
 0.3813831024790822
 0
 -0.3813831024790822
 0
 -0.3813831024790822
 0
 -0.1186168975209178
 0
 0.1186168975209178
 0
 0.3813831024790822
 0
 0
 -0.1186168975209178
 0
 0.1186168975209178
 0
 0.3813831024790822
 0
 -0.3813831024790822
 0
 -0.3813831024790822
 0
 -0.1186168975209178
 0
 0.1186168975209178
 0
 0.3813831024790822
 -0.1186168975209178
 0
 0.1186168975209178
 0
 0.3813831024790822
 0
 -0.3813831024790822
 0
 -0.2958586606239124
 0
 -0.2041413393760876
 0
 0.2041413393760876
 0
 0.2958586606239124
 0
 0
 -0.1186168975209178
 0
 0.1186168975209178
 0
 0.3813831024790822
 0
 -0.3813831024790822
 0
 -0.2958586606239124
 0
 -0.2041413393760876
 0
 0.2041413393760876
 0
 0.2958586606239124
 -0.1186168975209178
 0
 0.1186168975209178
 0
 0.3813831024790822
 0
 -0.3813831024790822
 0
 -0.2041413393760875
 0
 -0.2958586606239125
 0
 0.2958586606239125
 0
 0.2041413393760875
 0
 0
 -0.1186168975209178
 0
 0.1186168975209178
 0
 0.3813831024790822
 0
 -0.3813831024790822
 0
 -0.2041413393760875
 0
 -0.2958586606239125
 0
 0.2958586606239125
 0
 0.2041413393760875
 -0.1186168975209178
 0
 0.1186168975209178
 0
 0.3813831024790822
 0
 -0.3813831024790822
 0
 -0.1186168975209178
 0
 -0.3813831024790822
 0
 0.3813831024790822
 0
 0.1186168975209178
 0
 0
 -0.1186168975209178
 0
 0.1186168975209178
 0
 0.3813831024790822
 0
 -0.3813831024790822
 0
 -0.1186168975209178
 0
 -0.3813831024790822
 0
 0.3813831024790822
 0
 0.1186168975209178
 -0.1186168975209178
 0
 0.1186168975209178
 0
 0.3813831024790822
 0
 -0.3813831024790822
 0
 -0.05083338064659348
 0
 -0.4491666193534065
 0
 0.4491666193534065
 0
 0.05083338064659348
 0
 0
 -0.1186168975209178
 0
 0.1186168975209178
 0
 0.3813831024790822
 0
 -0.3813831024790822
 0
 -0.05083338064659348
 0
 -0.4491666193534065
 0
 0.4491666193534065
 0
 0.05083338064659348
 -0.1186168975209178
 0
 0.1186168975209178
 0
 0.3813831024790822
 0
 -0.3813831024790822
 0
 -0.009927535875615789
 0
 -0.4900724641243842
 0
 0.4900724641243842
 0
 0.009927535875615789
 0
 0
 -0.1186168975209178
 0
 0.1186168975209178
 0
 0.3813831024790822
 0
 -0.3813831024790822
 0
 -0.009927535875615789
 0
 -0.4900724641243842
 0
 0.4900724641243842
 0
 0.009927535875615789
 -0.05083338064659348
 0
 0.05083338064659348
 0
 0.4491666193534065
 0
 -0.4491666193534065
 0
 -0.4900724641243842
 0
 -0.009927535875615762
 0
 0.009927535875615762
 0
 0.4900724641243842
 0
 0
 -0.05083338064659348
 0
 0.05083338064659348
 0
 0.4491666193534065
 0
 -0.4491666193534065
 0
 -0.4900724641243842
 0
 -0.009927535875615762
 0
 0.009927535875615762
 0
 0.4900724641243842
 -0.05083338064659348
 0
 0.05083338064659348
 0
 0.4491666193534065
 0
 -0.4491666193534065
 0
 -0.4491666193534065
 0
 -0.05083338064659346
 0
 0.05083338064659346
 0
 0.4491666193534065
 0
 0
 -0.05083338064659348
 0
 0.05083338064659348
 0
 0.4491666193534065
 0
 -0.4491666193534065
 0
 -0.4491666193534065
 0
 -0.05083338064659346
 0
 0.05083338064659346
 0
 0.4491666193534065
 -0.05083338064659348
 0
 0.05083338064659348
 0
 0.4491666193534065
 0
 -0.4491666193534065
 0
 -0.3813831024790822
 0
 -0.1186168975209178
 0
 0.1186168975209178
 0
 0.3813831024790822
 0
 0
 -0.05083338064659348
 0
 0.05083338064659348
 0
 0.4491666193534065
 0
 -0.4491666193534065
 0
 -0.3813831024790822
 0
 -0.1186168975209178
 0
 0.1186168975209178
 0
 0.3813831024790822
 -0.05083338064659348
 0
 0.05083338064659348
 0
 0.4491666193534065
 0
 -0.4491666193534065
 0
 -0.2958586606239124
 0
 -0.2041413393760876
 0
 0.2041413393760876
 0
 0.2958586606239124
 0
 0
 -0.05083338064659348
 0
 0.05083338064659348
 0
 0.4491666193534065
 0
 -0.4491666193534065
 0
 -0.2958586606239124
 0
 -0.2041413393760876
 0
 0.2041413393760876
 0
 0.2958586606239124
 -0.05083338064659348
 0
 0.05083338064659348
 0
 0.4491666193534065
 0
 -0.4491666193534065
 0
 -0.2041413393760875
 0
 -0.2958586606239125
 0
 0.2958586606239125
 0
 0.2041413393760875
 0
 0
 -0.05083338064659348
 0
 0.05083338064659348
 0
 0.4491666193534065
 0
 -0.4491666193534065
 0
 -0.2041413393760875
 0
 -0.2958586606239125
 0
 0.2958586606239125
 0
 0.2041413393760875
 -0.05083338064659348
 0
 0.05083338064659348
 0
 0.4491666193534065
 0
 -0.4491666193534065
 0
 -0.1186168975209178
 0
 -0.3813831024790822
 0
 0.3813831024790822
 0
 0.1186168975209178
 0
 0
 -0.05083338064659348
 0
 0.05083338064659348
 0
 0.4491666193534065
 0
 -0.4491666193534065
 0
 -0.1186168975209178
 0
 -0.3813831024790822
 0
 0.3813831024790822
 0
 0.1186168975209178
 -0.05083338064659348
 0
 0.05083338064659348
 0
 0.4491666193534065
 0
 -0.4491666193534065
 0
 -0.05083338064659348
 0
 -0.4491666193534065
 0
 0.4491666193534065
 0
 0.05083338064659348
 0
 0
 -0.05083338064659348
 0
 0.05083338064659348
 0
 0.4491666193534065
 0
 -0.4491666193534065
 0
 -0.05083338064659348
 0
 -0.4491666193534065
 0
 0.4491666193534065
 0
 0.05083338064659348
 -0.05083338064659348
 0
 0.05083338064659348
 0
 0.4491666193534065
 0
 -0.4491666193534065
 0
 -0.009927535875615789
 0
 -0.4900724641243842
 0
 0.4900724641243842
 0
 0.009927535875615789
 0
 0
 -0.05083338064659348
 0
 0.05083338064659348
 0
 0.4491666193534065
 0
 -0.4491666193534065
 0
 -0.009927535875615789
 0
 -0.4900724641243842
 0
 0.4900724641243842
 0
 0.009927535875615789
 -0.009927535875615789
 0
 0.009927535875615789
 0
 0.4900724641243842
 0
 -0.4900724641243842
 0
 -0.4900724641243842
 0
 -0.009927535875615762
 0
 0.009927535875615762
 0
 0.4900724641243842
 0
 0
 -0.009927535875615789
 0
 0.009927535875615789
 0
 0.4900724641243842
 0
 -0.4900724641243842
 0
 -0.4900724641243842
 0
 -0.009927535875615762
 0
 0.009927535875615762
 0
 0.4900724641243842
 -0.009927535875615789
 0
 0.009927535875615789
 0
 0.4900724641243842
 0
 -0.4900724641243842
 0
 -0.4491666193534065
 0
 -0.05083338064659346
 0
 0.05083338064659346
 0
 0.4491666193534065
 0
 0
 -0.009927535875615789
 0
 0.009927535875615789
 0
 0.4900724641243842
 0
 -0.4900724641243842
 0
 -0.4491666193534065
 0
 -0.05083338064659346
 0
 0.05083338064659346
 0
 0.4491666193534065
 -0.009927535875615789
 0
 0.009927535875615789
 0
 0.4900724641243842
 0
 -0.4900724641243842
 0
 -0.3813831024790822
 0
 -0.1186168975209178
 0
 0.1186168975209178
 0
 0.3813831024790822
 0
 0
 -0.009927535875615789
 0
 0.009927535875615789
 0
 0.4900724641243842
 0
 -0.4900724641243842
 0
 -0.3813831024790822
 0
 -0.1186168975209178
 0
 0.1186168975209178
 0
 0.3813831024790822
 -0.009927535875615789
 0
 0.009927535875615789
 0
 0.4900724641243842
 0
 -0.4900724641243842
 0
 -0.2958586606239124
 0
 -0.2041413393760876
 0
 0.2041413393760876
 0
 0.2958586606239124
 0
 0
 -0.009927535875615789
 0
 0.009927535875615789
 0
 0.4900724641243842
 0
 -0.4900724641243842
 0
 -0.2958586606239124
 0
 -0.2041413393760876
 0
 0.2041413393760876
 0
 0.2958586606239124
 -0.009927535875615789
 0
 0.009927535875615789
 0
 0.4900724641243842
 0
 -0.4900724641243842
 0
 -0.2041413393760875
 0
 -0.2958586606239125
 0
 0.2958586606239125
 0
 0.2041413393760875
 0
 0
 -0.009927535875615789
 0
 0.009927535875615789
 0
 0.4900724641243842
 0
 -0.4900724641243842
 0
 -0.2041413393760875
 0
 -0.2958586606239125
 0
 0.2958586606239125
 0
 0.2041413393760875
 -0.009927535875615789
 0
 0.009927535875615789
 0
 0.4900724641243842
 0
 -0.4900724641243842
 0
 -0.1186168975209178
 0
 -0.3813831024790822
 0
 0.3813831024790822
 0
 0.1186168975209178
 0
 0
 -0.009927535875615789
 0
 0.009927535875615789
 0
 0.4900724641243842
 0
 -0.4900724641243842
 0
 -0.1186168975209178
 0
 -0.3813831024790822
 0
 0.3813831024790822
 0
 0.1186168975209178
 -0.009927535875615789
 0
 0.009927535875615789
 0
 0.4900724641243842
 0
 -0.4900724641243842
 0
 -0.05083338064659348
 0
 -0.4491666193534065
 0
 0.4491666193534065
 0
 0.05083338064659348
 0
 0
 -0.009927535875615789
 0
 0.009927535875615789
 0
 0.4900724641243842
 0
 -0.4900724641243842
 0
 -0.05083338064659348
 0
 -0.4491666193534065
 0
 0.4491666193534065
 0
 0.05083338064659348
 -0.009927535875615789
 0
 0.009927535875615789
 0
 0.4900724641243842
 0
 -0.4900724641243842
 0
 -0.009927535875615789
 0
 -0.4900724641243842
 0
 0.4900724641243842
 0
 0.009927535875615789
 0
 0
 -0.009927535875615789
 0
 0.009927535875615789
 0
 0.4900724641243842
 0
 -0.4900724641243842
 0
 -0.009927535875615789
 0
 -0.4900724641243842
 0
 0.4900724641243842
 0
 0.009927535875615789


# name: edgeBasis
# type: matrix
# ndims: 4
 8 2 8 4
 0.9801449282487684
 0
 0.01985507175123152
 0
 -0
 0
 -0
 0
 0
 0.9801449282487684
 0
 0.01985507175123152
 0
 -0
 0
 -0
 0.898333238706813
 0
 0.1016667612931869
 0
 -0
 0
 -0
 0
 0
 0.898333238706813
 0
 0.1016667612931869
 0
 -0
 0
 -0
 0.7627662049581645
 0
 0.2372337950418356
 0
 -0
 0
 -0
 0
 0
 0.7627662049581645
 0
 0.2372337950418356
 0
 -0
 0
 -0
 0.5917173212478248
 0
 0.4082826787521751
 0
 -0
 0
 -0
 0
 0
 0.5917173212478248
 0
 0.4082826787521751
 0
 -0
 0
 -0
 0.4082826787521751
 0
 0.5917173212478249
 0
 -0
 0
 -0
 0
 0
 0.4082826787521751
 0
 0.5917173212478249
 0
 -0
 0
 -0
 0.2372337950418355
 0
 0.7627662049581645
 0
 -0
 0
 -0
 0
 0
 0.2372337950418355
 0
 0.7627662049581645
 0
 -0
 0
 -0
 0.101666761293187
 0
 0.898333238706813
 0
 -0
 0
 -0
 0
 0
 0.101666761293187
 0
 0.898333238706813
 0
 -0
 0
 -0
 0.01985507175123158
 0
 0.9801449282487684
 0
 -0
 0
 -0
 0
 0
 0.01985507175123158
 0
 0.9801449282487684
 0
 -0
 0
 -0
 -0
 0
 0.9801449282487684
 0
 0.01985507175123152
 0
 -0
 0
 0
 -0
 0
 0.9801449282487684
 0
 0.01985507175123152
 0
 -0
 -0
 0
 0.898333238706813
 0
 0.1016667612931869
 0
 -0
 0
 0
 -0
 0
 0.898333238706813
 0
 0.1016667612931869
 0
 -0
 -0
 0
 0.7627662049581645
 0
 0.2372337950418356
 0
 -0
 0
 0
 -0
 0
 0.7627662049581645
 0
 0.2372337950418356
 0
 -0
 -0
 0
 0.5917173212478248
 0
 0.4082826787521751
 0
 -0
 0
 0
 -0
 0
 0.5917173212478248
 0
 0.4082826787521751
 0
 -0
 -0
 0
 0.4082826787521751
 0
 0.5917173212478249
 0
 -0
 0
 0
 -0
 0
 0.4082826787521751
 0
 0.5917173212478249
 0
 -0
 -0
 0
 0.2372337950418355
 0
 0.7627662049581645
 0
 -0
 0
 0
 -0
 0
 0.2372337950418355
 0
 0.7627662049581645
 0
 -0
 -0
 0
 0.101666761293187
 0
 0.898333238706813
 0
 -0
 0
 0
 -0
 0
 0.101666761293187
 0
 0.898333238706813
 0
 -0
 -0
 0
 0.01985507175123158
 0
 0.9801449282487684
 0
 -0
 0
 0
 -0
 0
 0.01985507175123158
 0
 0.9801449282487684
 0
 -0
 -0
 0
 -0
 0
 0.9801449282487684
 0
 0.01985507175123152
 0
 0
 -0
 0
 -0
 0
 0.9801449282487684
 0
 0.01985507175123152
 -0
 0
 -0
 0
 0.898333238706813
 0
 0.1016667612931869
 0
 0
 -0
 0
 -0
 0
 0.898333238706813
 0
 0.1016667612931869
 -0
 0
 -0
 0
 0.7627662049581645
 0
 0.2372337950418356
 0
 0
 -0
 0
 -0
 0
 0.7627662049581645
 0
 0.2372337950418356
 -0
 0
 -0
 0
 0.5917173212478248
 0
 0.4082826787521751
 0
 0
 -0
 0
 -0
 0
 0.5917173212478248
 0
 0.4082826787521751
 -0
 0
 -0
 0
 0.4082826787521751
 0
 0.5917173212478249
 0
 0
 -0
 0
 -0
 0
 0.4082826787521751
 0
 0.5917173212478249
 -0
 0
 -0
 0
 0.2372337950418355
 0
 0.7627662049581645
 0
 0
 -0
 0
 -0
 0
 0.2372337950418355
 0
 0.7627662049581645
 -0
 0
 -0
 0
 0.101666761293187
 0
 0.898333238706813
 0
 0
 -0
 0
 -0
 0
 0.101666761293187
 0
 0.898333238706813
 -0
 0
 -0
 0
 0.01985507175123158
 0
 0.9801449282487684
 0
 0
 -0
 0
 -0
 0
 0.01985507175123158
 0
 0.9801449282487684
 0.01985507175123152
 0
 -0
 0
 -0
 0
 0.9801449282487684
 0
 0
 0.01985507175123152
 0
 -0
 0
 -0
 0
 0.9801449282487684
 0.1016667612931869
 0
 -0
 0
 -0
 0
 0.898333238706813
 0
 0
 0.1016667612931869
 0
 -0
 0
 -0
 0
 0.898333238706813
 0.2372337950418356
 0
 -0
 0
 -0
 0
 0.7627662049581645
 0
 0
 0.2372337950418356
 0
 -0
 0
 -0
 0
 0.7627662049581645
 0.4082826787521751
 0
 -0
 0
 -0
 0
 0.5917173212478248
 0
 0
 0.4082826787521751
 0
 -0
 0
 -0
 0
 0.5917173212478248
 0.5917173212478249
 0
 -0
 0
 -0
 0
 0.4082826787521751
 0
 0
 0.5917173212478249
 0
 -0
 0
 -0
 0
 0.4082826787521751
 0.7627662049581645
 0
 -0
 0
 -0
 0
 0.2372337950418355
 0
 0
 0.7627662049581645
 0
 -0
 0
 -0
 0
 0.2372337950418355
 0.898333238706813
 0
 -0
 0
 -0
 0
 0.101666761293187
 0
 0
 0.898333238706813
 0
 -0
 0
 -0
 0
 0.101666761293187
 0.9801449282487684
 0
 -0
 0
 -0
 0
 0.01985507175123158
 0
 0
 0.9801449282487684
 0
 -0
 0
 -0
 0
 0.01985507175123158


