# Created by Octave 3.8.1, Mon Aug 17 16:45:52 2015 PDT <ataicher@ataicher-Inspiron-7548>
# name: basis
# type: matrix
# ndims: 3
 4 1 100
 0.9740767458306783
 0.01287651842790773
 0.00017021731350629
 0.01287651842790773
 0.9203651889014004
 0.06658807535718556
 0.000880241298322455
 0.01216649444309156
 0.8287493777299124
 0.1582038865286735
 0.002091329321814233
 0.01095540641959978
 0.7073471316045413
 0.2796061326540446
 0.003696170281331878
 0.009350565460082139
 0.566942639540423
 0.4200106247181629
 0.005552205791021492
 0.007494529950392526
 0.4200106247181629
 0.566942639540423
 0.007494529950392526
 0.005552205791021492
 0.2796061326540446
 0.7073471316045413
 0.009350565460082139
 0.003696170281331878
 0.1582038865286735
 0.8287493777299124
 0.01095540641959978
 0.002091329321814234
 0.06658807535718556
 0.9203651889014004
 0.01216649444309156
 0.000880241298322455
 0.01287651842790773
 0.9740767458306783
 0.01287651842790773
 0.00017021731350629
 0.9203651889014004
 0.01216649444309156
 0.000880241298322455
 0.06658807535718556
 0.8696153404413118
 0.06291634290318011
 0.0045519737523279
 0.06291634290318011
 0.7830513158753679
 0.149480367469124
 0.01081484838136371
 0.0566534682741443
 0.6683433098927941
 0.2641883734516979
 0.01911392948367864
 0.04835438717182937
 0.5356808606409155
 0.3968508227035765
 0.02871200780560794
 0.03875630884990007
 0.3968508227035765
 0.5356808606409155
 0.03875630884990007
 0.02871200780560794
 0.2641883734516979
 0.6683433098927941
 0.04835438717182937
 0.01911392948367864
 0.1494803674691241
 0.7830513158753679
 0.0566534682741443
 0.01081484838136372
 0.06291634290318011
 0.8696153404413118
 0.06291634290318011
 0.0045519737523279
 0.01216649444309156
 0.9203651889014004
 0.06658807535718556
 0.000880241298322455
 0.8287493777299124
 0.01095540641959978
 0.002091329321814233
 0.1582038865286735
 0.7830513158753679
 0.0566534682741443
 0.01081484838136371
 0.149480367469124
 0.705104124523579
 0.1346006596259333
 0.02569455622455445
 0.1346006596259333
 0.6018144850141022
 0.23789029913541
 0.04541200379996644
 0.1148832120505213
 0.4823576394147421
 0.3573471447347701
 0.06821568577441424
 0.09207953007607349
 0.3573471447347701
 0.4823576394147421
 0.09207953007607349
 0.06821568577441424
 0.23789029913541
 0.6018144850141022
 0.1148832120505213
 0.04541200379996644
 0.1346006596259333
 0.705104124523579
 0.1346006596259333
 0.02569455622455446
 0.0566534682741443
 0.7830513158753679
 0.149480367469124
 0.01081484838136371
 0.01095540641959978
 0.8287493777299124
 0.1582038865286735
 0.002091329321814233
 0.7073471316045413
 0.009350565460082139
 0.003696170281331878
 0.2796061326540446
 0.6683433098927941
 0.04835438717182937
 0.01911392948367864
 0.2641883734516979
 0.6018144850141022
 0.1148832120505213
 0.04541200379996644
 0.23789029913541
 0.5136555889777348
 0.2030421080868887
 0.08026019484848784
 0.2030421080868887
 0.4116977964823883
 0.3049999005822352
 0.1205629299269493
 0.1627393730084273
 0.3049999005822352
 0.4116977964823883
 0.1627393730084273
 0.1205629299269493
 0.2030421080868887
 0.5136555889777348
 0.2030421080868887
 0.08026019484848784
 0.1148832120505213
 0.6018144850141022
 0.23789029913541
 0.04541200379996645
 0.04835438717182937
 0.6683433098927941
 0.2641883734516979
 0.01911392948367864
 0.009350565460082139
 0.7073471316045413
 0.2796061326540446
 0.003696170281331878
 0.566942639540423
 0.007494529950392526
 0.005552205791021492
 0.4200106247181629
 0.5356808606409155
 0.03875630884990007
 0.02871200780560794
 0.3968508227035765
 0.4823576394147421
 0.09207953007607349
 0.06821568577441424
 0.3573471447347701
 0.4116977964823883
 0.1627393730084273
 0.1205629299269493
 0.3049999005822352
 0.32997806169262
 0.2444591077981956
 0.1811037227109888
 0.2444591077981956
 0.2444591077981956
 0.32997806169262
 0.2444591077981956
 0.1811037227109888
 0.1627393730084273
 0.4116977964823883
 0.3049999005822352
 0.1205629299269493
 0.09207953007607352
 0.4823576394147421
 0.3573471447347701
 0.06821568577441427
 0.03875630884990007
 0.5356808606409155
 0.3968508227035765
 0.02871200780560794
 0.007494529950392526
 0.566942639540423
 0.4200106247181629
 0.005552205791021492
 0.4200106247181629
 0.005552205791021492
 0.007494529950392526
 0.566942639540423
 0.3968508227035765
 0.02871200780560794
 0.03875630884990007
 0.5356808606409155
 0.3573471447347701
 0.06821568577441424
 0.09207953007607349
 0.4823576394147421
 0.3049999005822352
 0.1205629299269493
 0.1627393730084273
 0.4116977964823883
 0.2444591077981956
 0.1811037227109888
 0.2444591077981956
 0.32997806169262
 0.1811037227109888
 0.2444591077981956
 0.32997806169262
 0.2444591077981956
 0.1205629299269493
 0.3049999005822352
 0.4116977964823883
 0.1627393730084273
 0.06821568577441427
 0.3573471447347701
 0.4823576394147421
 0.09207953007607352
 0.02871200780560794
 0.3968508227035765
 0.5356808606409155
 0.03875630884990007
 0.005552205791021492
 0.4200106247181629
 0.566942639540423
 0.007494529950392526
 0.2796061326540446
 0.003696170281331878
 0.009350565460082139
 0.7073471316045413
 0.2641883734516979
 0.01911392948367864
 0.04835438717182937
 0.6683433098927941
 0.23789029913541
 0.04541200379996644
 0.1148832120505213
 0.6018144850141022
 0.2030421080868887
 0.08026019484848784
 0.2030421080868887
 0.5136555889777348
 0.1627393730084273
 0.1205629299269493
 0.3049999005822352
 0.4116977964823883
 0.1205629299269493
 0.1627393730084273
 0.4116977964823883
 0.3049999005822352
 0.08026019484848784
 0.2030421080868887
 0.5136555889777348
 0.2030421080868887
 0.04541200379996645
 0.23789029913541
 0.6018144850141022
 0.1148832120505213
 0.01911392948367864
 0.2641883734516979
 0.6683433098927941
 0.04835438717182937
 0.003696170281331878
 0.2796061326540446
 0.7073471316045413
 0.009350565460082139
 0.1582038865286735
 0.002091329321814234
 0.01095540641959978
 0.8287493777299124
 0.1494803674691241
 0.01081484838136372
 0.0566534682741443
 0.7830513158753679
 0.1346006596259333
 0.02569455622455446
 0.1346006596259333
 0.705104124523579
 0.1148832120505213
 0.04541200379996645
 0.23789029913541
 0.6018144850141022
 0.09207953007607352
 0.06821568577441427
 0.3573471447347701
 0.4823576394147421
 0.06821568577441427
 0.09207953007607352
 0.4823576394147421
 0.3573471447347701
 0.04541200379996645
 0.1148832120505213
 0.6018144850141022
 0.23789029913541
 0.02569455622455447
 0.1346006596259333
 0.705104124523579
 0.1346006596259333
 0.01081484838136372
 0.1494803674691241
 0.7830513158753679
 0.0566534682741443
 0.002091329321814234
 0.1582038865286735
 0.8287493777299124
 0.01095540641959978
 0.06658807535718556
 0.000880241298322455
 0.01216649444309156
 0.9203651889014004
 0.06291634290318011
 0.0045519737523279
 0.06291634290318011
 0.8696153404413118
 0.0566534682741443
 0.01081484838136371
 0.149480367469124
 0.7830513158753679
 0.04835438717182937
 0.01911392948367864
 0.2641883734516979
 0.6683433098927941
 0.03875630884990007
 0.02871200780560794
 0.3968508227035765
 0.5356808606409155
 0.02871200780560794
 0.03875630884990007
 0.5356808606409155
 0.3968508227035765
 0.01911392948367864
 0.04835438717182937
 0.6683433098927941
 0.2641883734516979
 0.01081484838136372
 0.0566534682741443
 0.7830513158753679
 0.1494803674691241
 0.0045519737523279
 0.06291634290318011
 0.8696153404413118
 0.06291634290318011
 0.000880241298322455
 0.06658807535718556
 0.9203651889014004
 0.01216649444309156
 0.01287651842790773
 0.00017021731350629
 0.01287651842790773
 0.9740767458306783
 0.01216649444309156
 0.000880241298322455
 0.06658807535718556
 0.9203651889014004
 0.01095540641959978
 0.002091329321814233
 0.1582038865286735
 0.8287493777299124
 0.009350565460082139
 0.003696170281331878
 0.2796061326540446
 0.7073471316045413
 0.007494529950392526
 0.005552205791021492
 0.4200106247181629
 0.566942639540423
 0.005552205791021492
 0.007494529950392526
 0.566942639540423
 0.4200106247181629
 0.003696170281331878
 0.009350565460082139
 0.7073471316045413
 0.2796061326540446
 0.002091329321814234
 0.01095540641959978
 0.8287493777299124
 0.1582038865286735
 0.000880241298322455
 0.01216649444309156
 0.9203651889014004
 0.06658807535718556
 0.00017021731350629
 0.01287651842790773
 0.9740767458306783
 0.01287651842790773


# name: basisDer
# type: matrix
# ndims: 4
 4 2 1 100
 -0.493476632129293
 0.493476632129293
 0.006523367870707009
 -0.006523367870707009
 -0.493476632129293
 -0.006523367870707009
 0.006523367870707009
 0.493476632129293
 -0.493476632129293
 0.493476632129293
 0.006523367870707009
 -0.006523367870707009
 -0.466265841672246
 -0.033734158327754
 0.033734158327754
 0.466265841672246
 -0.493476632129293
 0.493476632129293
 0.006523367870707009
 -0.006523367870707009
 -0.4198523920747561
 -0.08014760792524386
 0.08014760792524386
 0.4198523920747561
 -0.493476632129293
 0.493476632129293
 0.006523367870707009
 -0.006523367870707009
 -0.3583488485323117
 -0.1416511514676883
 0.1416511514676883
 0.3583488485323117
 -0.493476632129293
 0.493476632129293
 0.006523367870707009
 -0.006523367870707009
 -0.2872185847454078
 -0.2127814152545922
 0.2127814152545922
 0.2872185847454078
 -0.493476632129293
 0.493476632129293
 0.006523367870707009
 -0.006523367870707009
 -0.2127814152545922
 -0.2872185847454078
 0.2872185847454078
 0.2127814152545922
 -0.493476632129293
 0.493476632129293
 0.006523367870707009
 -0.006523367870707009
 -0.1416511514676883
 -0.3583488485323117
 0.3583488485323117
 0.1416511514676883
 -0.493476632129293
 0.493476632129293
 0.006523367870707009
 -0.006523367870707009
 -0.08014760792524389
 -0.4198523920747561
 0.4198523920747561
 0.08014760792524389
 -0.493476632129293
 0.493476632129293
 0.006523367870707009
 -0.006523367870707009
 -0.033734158327754
 -0.466265841672246
 0.466265841672246
 0.033734158327754
 -0.493476632129293
 0.493476632129293
 0.006523367870707009
 -0.006523367870707009
 -0.006523367870707009
 -0.493476632129293
 0.493476632129293
 0.006523367870707009
 -0.466265841672246
 0.466265841672246
 0.033734158327754
 -0.033734158327754
 -0.493476632129293
 -0.006523367870707009
 0.006523367870707009
 0.493476632129293
 -0.466265841672246
 0.466265841672246
 0.033734158327754
 -0.033734158327754
 -0.466265841672246
 -0.033734158327754
 0.033734158327754
 0.466265841672246
 -0.466265841672246
 0.466265841672246
 0.033734158327754
 -0.033734158327754
 -0.4198523920747561
 -0.08014760792524386
 0.08014760792524386
 0.4198523920747561
 -0.466265841672246
 0.466265841672246
 0.033734158327754
 -0.033734158327754
 -0.3583488485323117
 -0.1416511514676883
 0.1416511514676883
 0.3583488485323117
 -0.466265841672246
 0.466265841672246
 0.033734158327754
 -0.033734158327754
 -0.2872185847454078
 -0.2127814152545922
 0.2127814152545922
 0.2872185847454078
 -0.466265841672246
 0.466265841672246
 0.033734158327754
 -0.033734158327754
 -0.2127814152545922
 -0.2872185847454078
 0.2872185847454078
 0.2127814152545922
 -0.466265841672246
 0.466265841672246
 0.033734158327754
 -0.033734158327754
 -0.1416511514676883
 -0.3583488485323117
 0.3583488485323117
 0.1416511514676883
 -0.466265841672246
 0.466265841672246
 0.033734158327754
 -0.033734158327754
 -0.08014760792524389
 -0.4198523920747561
 0.4198523920747561
 0.08014760792524389
 -0.466265841672246
 0.466265841672246
 0.033734158327754
 -0.033734158327754
 -0.033734158327754
 -0.466265841672246
 0.466265841672246
 0.033734158327754
 -0.466265841672246
 0.466265841672246
 0.033734158327754
 -0.033734158327754
 -0.006523367870707009
 -0.493476632129293
 0.493476632129293
 0.006523367870707009
 -0.4198523920747561
 0.4198523920747561
 0.08014760792524386
 -0.08014760792524386
 -0.493476632129293
 -0.006523367870707009
 0.006523367870707009
 0.493476632129293
 -0.4198523920747561
 0.4198523920747561
 0.08014760792524386
 -0.08014760792524386
 -0.466265841672246
 -0.033734158327754
 0.033734158327754
 0.466265841672246
 -0.4198523920747561
 0.4198523920747561
 0.08014760792524386
 -0.08014760792524386
 -0.4198523920747561
 -0.08014760792524386
 0.08014760792524386
 0.4198523920747561
 -0.4198523920747561
 0.4198523920747561
 0.08014760792524386
 -0.08014760792524386
 -0.3583488485323117
 -0.1416511514676883
 0.1416511514676883
 0.3583488485323117
 -0.4198523920747561
 0.4198523920747561
 0.08014760792524386
 -0.08014760792524386
 -0.2872185847454078
 -0.2127814152545922
 0.2127814152545922
 0.2872185847454078
 -0.4198523920747561
 0.4198523920747561
 0.08014760792524386
 -0.08014760792524386
 -0.2127814152545922
 -0.2872185847454078
 0.2872185847454078
 0.2127814152545922
 -0.4198523920747561
 0.4198523920747561
 0.08014760792524386
 -0.08014760792524386
 -0.1416511514676883
 -0.3583488485323117
 0.3583488485323117
 0.1416511514676883
 -0.4198523920747561
 0.4198523920747561
 0.08014760792524386
 -0.08014760792524386
 -0.08014760792524389
 -0.4198523920747561
 0.4198523920747561
 0.08014760792524389
 -0.4198523920747561
 0.4198523920747561
 0.08014760792524386
 -0.08014760792524386
 -0.033734158327754
 -0.466265841672246
 0.466265841672246
 0.033734158327754
 -0.4198523920747561
 0.4198523920747561
 0.08014760792524386
 -0.08014760792524386
 -0.006523367870707009
 -0.493476632129293
 0.493476632129293
 0.006523367870707009
 -0.3583488485323117
 0.3583488485323117
 0.1416511514676883
 -0.1416511514676883
 -0.493476632129293
 -0.006523367870707009
 0.006523367870707009
 0.493476632129293
 -0.3583488485323117
 0.3583488485323117
 0.1416511514676883
 -0.1416511514676883
 -0.466265841672246
 -0.033734158327754
 0.033734158327754
 0.466265841672246
 -0.3583488485323117
 0.3583488485323117
 0.1416511514676883
 -0.1416511514676883
 -0.4198523920747561
 -0.08014760792524386
 0.08014760792524386
 0.4198523920747561
 -0.3583488485323117
 0.3583488485323117
 0.1416511514676883
 -0.1416511514676883
 -0.3583488485323117
 -0.1416511514676883
 0.1416511514676883
 0.3583488485323117
 -0.3583488485323117
 0.3583488485323117
 0.1416511514676883
 -0.1416511514676883
 -0.2872185847454078
 -0.2127814152545922
 0.2127814152545922
 0.2872185847454078
 -0.3583488485323117
 0.3583488485323117
 0.1416511514676883
 -0.1416511514676883
 -0.2127814152545922
 -0.2872185847454078
 0.2872185847454078
 0.2127814152545922
 -0.3583488485323117
 0.3583488485323117
 0.1416511514676883
 -0.1416511514676883
 -0.1416511514676883
 -0.3583488485323117
 0.3583488485323117
 0.1416511514676883
 -0.3583488485323117
 0.3583488485323117
 0.1416511514676883
 -0.1416511514676883
 -0.08014760792524389
 -0.4198523920747561
 0.4198523920747561
 0.08014760792524389
 -0.3583488485323117
 0.3583488485323117
 0.1416511514676883
 -0.1416511514676883
 -0.033734158327754
 -0.466265841672246
 0.466265841672246
 0.033734158327754
 -0.3583488485323117
 0.3583488485323117
 0.1416511514676883
 -0.1416511514676883
 -0.006523367870707009
 -0.493476632129293
 0.493476632129293
 0.006523367870707009
 -0.2872185847454078
 0.2872185847454078
 0.2127814152545922
 -0.2127814152545922
 -0.493476632129293
 -0.006523367870707009
 0.006523367870707009
 0.493476632129293
 -0.2872185847454078
 0.2872185847454078
 0.2127814152545922
 -0.2127814152545922
 -0.466265841672246
 -0.033734158327754
 0.033734158327754
 0.466265841672246
 -0.2872185847454078
 0.2872185847454078
 0.2127814152545922
 -0.2127814152545922
 -0.4198523920747561
 -0.08014760792524386
 0.08014760792524386
 0.4198523920747561
 -0.2872185847454078
 0.2872185847454078
 0.2127814152545922
 -0.2127814152545922
 -0.3583488485323117
 -0.1416511514676883
 0.1416511514676883
 0.3583488485323117
 -0.2872185847454078
 0.2872185847454078
 0.2127814152545922
 -0.2127814152545922
 -0.2872185847454078
 -0.2127814152545922
 0.2127814152545922
 0.2872185847454078
 -0.2872185847454078
 0.2872185847454078
 0.2127814152545922
 -0.2127814152545922
 -0.2127814152545922
 -0.2872185847454078
 0.2872185847454078
 0.2127814152545922
 -0.2872185847454078
 0.2872185847454078
 0.2127814152545922
 -0.2127814152545922
 -0.1416511514676883
 -0.3583488485323117
 0.3583488485323117
 0.1416511514676883
 -0.2872185847454078
 0.2872185847454078
 0.2127814152545922
 -0.2127814152545922
 -0.08014760792524389
 -0.4198523920747561
 0.4198523920747561
 0.08014760792524389
 -0.2872185847454078
 0.2872185847454078
 0.2127814152545922
 -0.2127814152545922
 -0.033734158327754
 -0.466265841672246
 0.466265841672246
 0.033734158327754
 -0.2872185847454078
 0.2872185847454078
 0.2127814152545922
 -0.2127814152545922
 -0.006523367870707009
 -0.493476632129293
 0.493476632129293
 0.006523367870707009
 -0.2127814152545922
 0.2127814152545922
 0.2872185847454078
 -0.2872185847454078
 -0.493476632129293
 -0.006523367870707009
 0.006523367870707009
 0.493476632129293
 -0.2127814152545922
 0.2127814152545922
 0.2872185847454078
 -0.2872185847454078
 -0.466265841672246
 -0.033734158327754
 0.033734158327754
 0.466265841672246
 -0.2127814152545922
 0.2127814152545922
 0.2872185847454078
 -0.2872185847454078
 -0.4198523920747561
 -0.08014760792524386
 0.08014760792524386
 0.4198523920747561
 -0.2127814152545922
 0.2127814152545922
 0.2872185847454078
 -0.2872185847454078
 -0.3583488485323117
 -0.1416511514676883
 0.1416511514676883
 0.3583488485323117
 -0.2127814152545922
 0.2127814152545922
 0.2872185847454078
 -0.2872185847454078
 -0.2872185847454078
 -0.2127814152545922
 0.2127814152545922
 0.2872185847454078
 -0.2127814152545922
 0.2127814152545922
 0.2872185847454078
 -0.2872185847454078
 -0.2127814152545922
 -0.2872185847454078
 0.2872185847454078
 0.2127814152545922
 -0.2127814152545922
 0.2127814152545922
 0.2872185847454078
 -0.2872185847454078
 -0.1416511514676883
 -0.3583488485323117
 0.3583488485323117
 0.1416511514676883
 -0.2127814152545922
 0.2127814152545922
 0.2872185847454078
 -0.2872185847454078
 -0.08014760792524389
 -0.4198523920747561
 0.4198523920747561
 0.08014760792524389
 -0.2127814152545922
 0.2127814152545922
 0.2872185847454078
 -0.2872185847454078
 -0.033734158327754
 -0.466265841672246
 0.466265841672246
 0.033734158327754
 -0.2127814152545922
 0.2127814152545922
 0.2872185847454078
 -0.2872185847454078
 -0.006523367870707009
 -0.493476632129293
 0.493476632129293
 0.006523367870707009
 -0.1416511514676883
 0.1416511514676883
 0.3583488485323117
 -0.3583488485323117
 -0.493476632129293
 -0.006523367870707009
 0.006523367870707009
 0.493476632129293
 -0.1416511514676883
 0.1416511514676883
 0.3583488485323117
 -0.3583488485323117
 -0.466265841672246
 -0.033734158327754
 0.033734158327754
 0.466265841672246
 -0.1416511514676883
 0.1416511514676883
 0.3583488485323117
 -0.3583488485323117
 -0.4198523920747561
 -0.08014760792524386
 0.08014760792524386
 0.4198523920747561
 -0.1416511514676883
 0.1416511514676883
 0.3583488485323117
 -0.3583488485323117
 -0.3583488485323117
 -0.1416511514676883
 0.1416511514676883
 0.3583488485323117
 -0.1416511514676883
 0.1416511514676883
 0.3583488485323117
 -0.3583488485323117
 -0.2872185847454078
 -0.2127814152545922
 0.2127814152545922
 0.2872185847454078
 -0.1416511514676883
 0.1416511514676883
 0.3583488485323117
 -0.3583488485323117
 -0.2127814152545922
 -0.2872185847454078
 0.2872185847454078
 0.2127814152545922
 -0.1416511514676883
 0.1416511514676883
 0.3583488485323117
 -0.3583488485323117
 -0.1416511514676883
 -0.3583488485323117
 0.3583488485323117
 0.1416511514676883
 -0.1416511514676883
 0.1416511514676883
 0.3583488485323117
 -0.3583488485323117
 -0.08014760792524389
 -0.4198523920747561
 0.4198523920747561
 0.08014760792524389
 -0.1416511514676883
 0.1416511514676883
 0.3583488485323117
 -0.3583488485323117
 -0.033734158327754
 -0.466265841672246
 0.466265841672246
 0.033734158327754
 -0.1416511514676883
 0.1416511514676883
 0.3583488485323117
 -0.3583488485323117
 -0.006523367870707009
 -0.493476632129293
 0.493476632129293
 0.006523367870707009
 -0.08014760792524389
 0.08014760792524389
 0.4198523920747561
 -0.4198523920747561
 -0.493476632129293
 -0.006523367870707009
 0.006523367870707009
 0.493476632129293
 -0.08014760792524389
 0.08014760792524389
 0.4198523920747561
 -0.4198523920747561
 -0.466265841672246
 -0.033734158327754
 0.033734158327754
 0.466265841672246
 -0.08014760792524389
 0.08014760792524389
 0.4198523920747561
 -0.4198523920747561
 -0.4198523920747561
 -0.08014760792524386
 0.08014760792524386
 0.4198523920747561
 -0.08014760792524389
 0.08014760792524389
 0.4198523920747561
 -0.4198523920747561
 -0.3583488485323117
 -0.1416511514676883
 0.1416511514676883
 0.3583488485323117
 -0.08014760792524389
 0.08014760792524389
 0.4198523920747561
 -0.4198523920747561
 -0.2872185847454078
 -0.2127814152545922
 0.2127814152545922
 0.2872185847454078
 -0.08014760792524389
 0.08014760792524389
 0.4198523920747561
 -0.4198523920747561
 -0.2127814152545922
 -0.2872185847454078
 0.2872185847454078
 0.2127814152545922
 -0.08014760792524389
 0.08014760792524389
 0.4198523920747561
 -0.4198523920747561
 -0.1416511514676883
 -0.3583488485323117
 0.3583488485323117
 0.1416511514676883
 -0.08014760792524389
 0.08014760792524389
 0.4198523920747561
 -0.4198523920747561
 -0.08014760792524389
 -0.4198523920747561
 0.4198523920747561
 0.08014760792524389
 -0.08014760792524389
 0.08014760792524389
 0.4198523920747561
 -0.4198523920747561
 -0.033734158327754
 -0.466265841672246
 0.466265841672246
 0.033734158327754
 -0.08014760792524389
 0.08014760792524389
 0.4198523920747561
 -0.4198523920747561
 -0.006523367870707009
 -0.493476632129293
 0.493476632129293
 0.006523367870707009
 -0.033734158327754
 0.033734158327754
 0.466265841672246
 -0.466265841672246
 -0.493476632129293
 -0.006523367870707009
 0.006523367870707009
 0.493476632129293
 -0.033734158327754
 0.033734158327754
 0.466265841672246
 -0.466265841672246
 -0.466265841672246
 -0.033734158327754
 0.033734158327754
 0.466265841672246
 -0.033734158327754
 0.033734158327754
 0.466265841672246
 -0.466265841672246
 -0.4198523920747561
 -0.08014760792524386
 0.08014760792524386
 0.4198523920747561
 -0.033734158327754
 0.033734158327754
 0.466265841672246
 -0.466265841672246
 -0.3583488485323117
 -0.1416511514676883
 0.1416511514676883
 0.3583488485323117
 -0.033734158327754
 0.033734158327754
 0.466265841672246
 -0.466265841672246
 -0.2872185847454078
 -0.2127814152545922
 0.2127814152545922
 0.2872185847454078
 -0.033734158327754
 0.033734158327754
 0.466265841672246
 -0.466265841672246
 -0.2127814152545922
 -0.2872185847454078
 0.2872185847454078
 0.2127814152545922
 -0.033734158327754
 0.033734158327754
 0.466265841672246
 -0.466265841672246
 -0.1416511514676883
 -0.3583488485323117
 0.3583488485323117
 0.1416511514676883
 -0.033734158327754
 0.033734158327754
 0.466265841672246
 -0.466265841672246
 -0.08014760792524389
 -0.4198523920747561
 0.4198523920747561
 0.08014760792524389
 -0.033734158327754
 0.033734158327754
 0.466265841672246
 -0.466265841672246
 -0.033734158327754
 -0.466265841672246
 0.466265841672246
 0.033734158327754
 -0.033734158327754
 0.033734158327754
 0.466265841672246
 -0.466265841672246
 -0.006523367870707009
 -0.493476632129293
 0.493476632129293
 0.006523367870707009
 -0.006523367870707009
 0.006523367870707009
 0.493476632129293
 -0.493476632129293
 -0.493476632129293
 -0.006523367870707009
 0.006523367870707009
 0.493476632129293
 -0.006523367870707009
 0.006523367870707009
 0.493476632129293
 -0.493476632129293
 -0.466265841672246
 -0.033734158327754
 0.033734158327754
 0.466265841672246
 -0.006523367870707009
 0.006523367870707009
 0.493476632129293
 -0.493476632129293
 -0.4198523920747561
 -0.08014760792524386
 0.08014760792524386
 0.4198523920747561
 -0.006523367870707009
 0.006523367870707009
 0.493476632129293
 -0.493476632129293
 -0.3583488485323117
 -0.1416511514676883
 0.1416511514676883
 0.3583488485323117
 -0.006523367870707009
 0.006523367870707009
 0.493476632129293
 -0.493476632129293
 -0.2872185847454078
 -0.2127814152545922
 0.2127814152545922
 0.2872185847454078
 -0.006523367870707009
 0.006523367870707009
 0.493476632129293
 -0.493476632129293
 -0.2127814152545922
 -0.2872185847454078
 0.2872185847454078
 0.2127814152545922
 -0.006523367870707009
 0.006523367870707009
 0.493476632129293
 -0.493476632129293
 -0.1416511514676883
 -0.3583488485323117
 0.3583488485323117
 0.1416511514676883
 -0.006523367870707009
 0.006523367870707009
 0.493476632129293
 -0.493476632129293
 -0.08014760792524389
 -0.4198523920747561
 0.4198523920747561
 0.08014760792524389
 -0.006523367870707009
 0.006523367870707009
 0.493476632129293
 -0.493476632129293
 -0.033734158327754
 -0.466265841672246
 0.466265841672246
 0.033734158327754
 -0.006523367870707009
 0.006523367870707009
 0.493476632129293
 -0.493476632129293
 -0.006523367870707009
 -0.493476632129293
 0.493476632129293
 0.006523367870707009


# name: edgeBasis
# type: matrix
# ndims: 4
 4 1 10 4
 0.986953264258586
 0.01304673574141402
 -0
 -0
 0.932531683344492
 0.06746831665550801
 -0
 -0
 0.8397047841495122
 0.1602952158504877
 -0
 -0
 0.7166976970646235
 0.2833023029353765
 -0
 -0
 0.5744371694908156
 0.4255628305091844
 -0
 -0
 0.4255628305091844
 0.5744371694908156
 -0
 -0
 0.2833023029353765
 0.7166976970646235
 -0
 -0
 0.1602952158504878
 0.8397047841495122
 -0
 -0
 0.06746831665550801
 0.932531683344492
 -0
 -0
 0.01304673574141402
 0.986953264258586
 -0
 -0
 -0
 0.986953264258586
 0.01304673574141402
 -0
 -0
 0.932531683344492
 0.06746831665550801
 -0
 -0
 0.8397047841495122
 0.1602952158504877
 -0
 -0
 0.7166976970646235
 0.2833023029353765
 -0
 -0
 0.5744371694908156
 0.4255628305091844
 -0
 -0
 0.4255628305091844
 0.5744371694908156
 -0
 -0
 0.2833023029353765
 0.7166976970646235
 -0
 -0
 0.1602952158504878
 0.8397047841495122
 -0
 -0
 0.06746831665550801
 0.932531683344492
 -0
 -0
 0.01304673574141402
 0.986953264258586
 -0
 -0
 -0
 0.986953264258586
 0.01304673574141402
 -0
 -0
 0.932531683344492
 0.06746831665550801
 -0
 -0
 0.8397047841495122
 0.1602952158504877
 -0
 -0
 0.7166976970646235
 0.2833023029353765
 -0
 -0
 0.5744371694908156
 0.4255628305091844
 -0
 -0
 0.4255628305091844
 0.5744371694908156
 -0
 -0
 0.2833023029353765
 0.7166976970646235
 -0
 -0
 0.1602952158504878
 0.8397047841495122
 -0
 -0
 0.06746831665550801
 0.932531683344492
 -0
 -0
 0.01304673574141402
 0.986953264258586
 0.01304673574141402
 -0
 -0
 0.986953264258586
 0.06746831665550801
 -0
 -0
 0.932531683344492
 0.1602952158504877
 -0
 -0
 0.8397047841495122
 0.2833023029353765
 -0
 -0
 0.7166976970646235
 0.4255628305091844
 -0
 -0
 0.5744371694908156
 0.5744371694908156
 -0
 -0
 0.4255628305091844
 0.7166976970646235
 -0
 -0
 0.2833023029353765
 0.8397047841495122
 -0
 -0
 0.1602952158504878
 0.932531683344492
 -0
 -0
 0.06746831665550801
 0.986953264258586
 -0
 -0
 0.01304673574141402


